1000 vertices, 6000 edges 
0: 
In: 411 
Out: 821 456 828 951 781 813 188 
1: 
In: 919 
Out: 644 706 710 721 628 615 203 914 822 515 14 
2: 
In: 982 802 193 212 541 650 678 170 346 
Out: 199 179 22 168 104 621 
3: 
In: 418 
Out: 99 502 540 691 692 7 891 182 176 784 38 566 201 
4: 
In: 221 593 727 791 967 
Out: 982 872 81 76 278 550 489 408 
5: 
In: 411 466 815 
Out: 512 565 862 493 217 897 507 558 720 62 354 
6: 
In: 940 259 692 31 895 147 347 442 905 
Out: 320 814 948 
7: 
In: 679 113 121 3 595 271 623 304 966 786 691 908 212 
Out: 784 843 
8: 
In: 288 578 236 748 141 480 
Out: 474 88 549 210 315 
9: 
In: 
Out: 557 861 37 48 106 234 967 514 516 55 109 189 46 
10: 
In: 985 853 862 392 291 525 294 81 656 601 314 659 348 89 
Out: 843 
11: 
In: 219 542 558 684 295 661 258 602 885 583 824 624 249 
Out: 952 500 
12: 
In: 929 503 439 409 472 308 744 54 
Out: 556 527 555 897 357 
13: 
In: 330 740 353 596 911 
Out: 983 896 476 
14: 
In: 916 561 1 
Out: 65 397 316 329 613 643 775 
15: 
In: 109 62 806 280 191 346 136 91 
Out: 471 50 
16: 
In: 430 146 754 735 249 25 206 678 159 584 997 445 58 
Out: 829 587 192 652 
17: 
In: 809 216 297 593 345 
Out: 66 369 816 775 776 453 29 721 
18: 
In: 662 149 766 294 993 826 
Out: 745 860 352 491 439 499 
19: 
In: 243 624 581 518 
Out: 354 274 859 909 
20: 
In: 577 22 311 198 640 342 344 470 300 611 222 177 
Out: 859 
21: 
In: 936 175 544 939 528 
Out: 812 82 164 28 102 872 790 
22: 
In: 731 284 791 31 96 851 937 349 2 762 816 443 743 225 
Out: 20 763 456 468 
23: 
In: 284 122 145 305 942 718 250 
Out: 329 720 576 
24: 
In: 943 754 629 971 871 102 665 411 719 204 658 293 697 808 
Out: 74 
25: 
In: 809 967 817 
Out: 280 327 16 78 656 429 474 
26: 
In: 
Out: 426 618 770 517 881 457 400 884 280 123 841 325 822 197 
27: 
In: 311 505 679 805 384 956 497 947 
Out: 103 739 
28: 
In: 412 243 286 544 21 664 762 
Out: 305 922 163 66 270 204 
29: 
In: 939 166 522 196 388 450 862 17 165 171 
Out: 56 
30: 
In: 410 107 807 663 404 450 
Out: 736 924 724 733 93 
31: 
In: 430 472 658 980 629 
Out: 6 22 526 890 241 653 952 
32: 
In: 294 845 974 91 681 382 683 
Out: 470 204 385 356 
33: 
In: 258 361 175 430 
Out: 479 147 861 868 185 164 527 793 
34: 
In: 778 144 
Out: 341 293 948 117 223 106 
35: 
In: 190 
Out: 369 313 342 755 950 329 764 509 897 
36: 
In: 953 879 322 268 
Out: 336 827 425 
37: 
In: 9 564 
Out: 79 283 906 961 778 979 631 
38: 
In: 636 3 991 288 
Out: 730 155 320 296 846 
39: 
In: 837 792 
Out: 469 477 811 369 836 
40: 
In: 106 308 675 
Out: 605 966 662 611 562 514 458 
41: 
In: 953 275 462 98 593 716 116 
Out: 51 220 852 478 43 278 130 
42: 
In: 107 967 838 
Out: 999 284 245 
43: 
In: 101 715 655 41 976 285 196 
Out: 576 154 937 151 
44: 
In: 115 515 839 
Out: 519 951 51 701 702 972 645 855 160 
45: 
In: 481 762 324 757 133 
Out: 182 998 610 733 53 758 995 
46: 
In: 891 172 683 466 496 559 9 
Out: 853 893 583 
47: 
In: 591 948 753 583 406 418 213 760 740 146 
Out: 240 
48: 
In: 9 
Out: 205 541 987 627 344 124 562 202 638 548 
49: 
In: 887 758 174 667 966 967 802 605 119 709 888 
Out: 335 223 
50: 
In: 282 872 238 304 394 392 248 777 373 926 869 415 410 15 922 
Out: 622 745 
51: 
In: 44 900 41 594 861 383 272 99 
Out: 739 611 651 222 577 814 72 428 
52: 
In: 
Out: 594 887 759 697 669 302 121 758 750 960 948 227 171 518 796 980 711 
53: 
In: 782 237 45 894 278 967 
Out: 377 446 562 
54: 
In: 875 
Out: 605 760 671 650 752 912 558 253 350 12 
55: 
In: 933 333 110 9 497 269 89 767 
Out: 426 304 896 255 
56: 
In: 564 397 466 350 29 892 
Out: 241 
57: 
In: 166 266 229 852 996 466 789 360 884 513 386 815 
Out: 230 603 471 
58: 
In: 802 932 207 914 823 
Out: 378 187 592 16 970 968 
59: 
In: 62 637 346 166 358 265 473 
Out: 555 226 164 642 111 
60: 
In: 391 150 532 967 423 851 510 749 995 737 918 764 
Out: 910 456 
61: 
In: 178 802 291 760 830 862 326 379 415 672 162 913 125 
Out: 713 524 
62: 
In: 190 480 554 342 618 482 5 237 448 
Out: 478 457 59 707 15 211 996 147 973 
63: 
In: 162 237 915 761 766 643 
Out: 652 468 354 642 
64: 
In: 472 
Out: 117 348 479 943 713 446 719 409 
65: 
In: 14 494 288 572 
Out: 966 244 102 710 
66: 
In: 17 438 662 492 174 851 219 596 80 28 699 
Out: 327 338 130 
67: 
In: 658 600 594 928 180 255 709 440 746 924 
Out: 453 739 706 
68: 
In: 317 733 633 158 394 543 861 864 
Out: 822 589 
69: 
In: 729 548 129 615 522 193 981 639 82 256 271 875 
Out: 720 610 
70: 
In: 766 485 538 
Out: 659 173 652 256 476 156 154 978 
71: 
In: 658 915 914 983 268 723 977 728 580 720 525 707 467 648 145 
Out: 952 
72: 
In: 628 592 277 292 810 614 980 718 693 515 51 434 198 246 914 998 670 475 
Out: 534 866 
73: 
In: 926 966 733 719 219 319 837 114 432 
Out: 75 
74: 
In: 824 841 423 431 852 813 439 140 828 302 892 90 24 819 592 955 874 
Out: 385 
75: 
In: 304 234 764 495 798 296 725 598 742 117 73 
Out: 136 306 
76: 
In: 994 471 110 403 740 391 653 4 582 744 280 307 308 595 589 
Out: 385 
77: 
In: 561 184 686 359 
Out: 892 688 152 94 826 340 598 879 
78: 
In: 309 107 886 870 983 436 25 594 679 570 448 268 212 971 904 363 528 
Out: 534 539 829 
79: 
In: 367 37 535 
Out: 336 
80: 
In: 
Out: 423 302 213 773 903 66 864 240 
81: 
In: 770 4 143 
Out: 393 824 662 499 990 672 209 537 296 10 842 148 670 446 
82: 
In: 744 489 21 794 323 496 754 860 614 868 963 
Out: 656 69 
83: 
In: 820 735 
Out: 123 988 621 527 
84: 
In: 417 358 138 
Out: 481 314 892 947 187 294 446 556 425 979 398 270 276 
85: 
In: 492 842 414 338 998 668 446 422 595 954 267 230 165 
Out: 329 389 
86: 
In: 953 574 985 193 
Out: 617 982 340 308 211 794 687 406 
87: 
In: 287 262 544 440 266 945 
Out: 968 381 617 910 305 539 154 840 
88: 
In: 331 8 292 141 780 247 131 391 409 
Out: 924 558 
89: 
In: 455 633 727 481 559 98 848 798 
Out: 168 890 873 646 458 504 55 10 
90: 
In: 387 
Out: 304 811 437 920 793 150 724 74 699 
91: 
In: 882 891 817 871 801 749 
Out: 672 147 284 762 97 32 951 177 15 
92: 
In: 765 591 932 
Out: 968 301 177 171 338 547 797 
93: 
In: 252 125 831 937 694 246 582 523 588 30 798 
Out: 142 
94: 
In: 315 664 77 200 789 
Out: 610 586 513 713 
95: 
In: 196 394 917 333 565 152 283 
Out: 451 256 385 151 
96: 
In: 792 515 218 578 
Out: 971 899 861 22 224 979 724 468 867 
97: 
In: 332 613 790 91 664 881 
Out: 610 
98: 
In: 481 989 614 212 625 
Out: 760 588 41 89 548 
99: 
In: 783 3 137 725 250 443 221 374 981 
Out: 120 312 868 617 215 301 51 296 
100: 
In: 405 755 178 
Out: 362 524 420 370 713 117 
101: 
In: 
Out: 43 156 227 222 402 488 129 263 239 873 
102: 
In: 288 321 445 781 640 65 375 21 
Out: 690 220 759 478 556 24 504 
103: 
In: 464 636 112 324 857 802 568 131 820 27 
Out: 517 427 
104: 
In: 747 878 436 407 157 311 830 596 2 645 958 634 
Out: 583 858 
105: 
In: 
Out: 859 330 821 520 301 184 176 373 809 
106: 
In: 235 216 9 632 34 
Out: 40 909 832 639 
107: 
In: 844 183 
Out: 78 30 42 273 335 928 603 444 526 712 963 620 
108: 
In: 
Out: 918 915 882 378 740 828 936 665 
109: 
In: 9 636 
Out: 15 468 206 253 463 509 643 489 
110: 
In: 297 268 684 676 
Out: 969 76 253 758 959 55 910 352 976 284 
111: 
In: 732 848 410 800 544 185 217 59 
Out: 539 576 257 354 491 
112: 
In: 
Out: 118 959 788 103 745 743 534 491 248 451 551 
113: 
In: 538 
Out: 7 842 669 395 805 902 978 428 129 
114: 
In: 485 
Out: 73 
115: 
In: 461 
Out: 384 766 474 962 644 44 241 456 224 291 345 733 
116: 
In: 383 200 290 688 
Out: 296 777 893 603 924 41 
117: 
In: 634 473 297 64 166 925 34 824 595 100 982 727 
Out: 520 300 75 516 
118: 
In: 112 283 448 
Out: 468 385 657 
119: 
In: 670 221 616 493 210 330 170 479 842 370 
Out: 701 49 612 257 587 
120: 
In: 128 888 99 584 
Out: 396 553 720 987 
121: 
In: 431 52 602 
Out: 299 7 204 713 195 
122: 
In: 250 158 298 402 310 145 
Out: 906 23 422 624 270 641 704 562 
123: 
In: 83 260 258 505 825 26 496 
Out: 501 808 257 786 343 
124: 
In: 515 48 
Out: 592 165 416 704 220 
125: 
In: 548 270 517 800 395 974 
Out: 603 93 814 563 468 61 
126: 
In: 608 636 633 131 568 177 989 665 349 403 896 895 942 729 
Out: 471 155 690 
127: 
In: 777 716 565 796 755 409 451 386 245 957 313 
Out: 745 
128: 
In: 349 172 933 
Out: 120 501 836 937 816 467 814 
129: 
In: 101 472 113 
Out: 724 832 348 631 69 715 399 829 413 776 360 500 
130: 
In: 951 232 459 612 188 949 682 768 828 637 552 66 928 41 
Out: 533 720 490 
131: 
In: 
Out: 142 435 126 103 88 988 
132: 
In: 783 218 831 
Out: 800 572 354 745 669 973 434 678 402 
133: 
In: 139 686 
Out: 577 200 385 664 45 562 777 
134: 
In: 557 326 945 
Out: 824 852 364 171 301 210 
135: 
In: 593 
Out: 760 533 201 363 654 575 892 558 475 664 441 636 
136: 
In: 75 451 296 280 204 177 753 588 651 
Out: 15 
137: 
In: 387 153 
Out: 436 281 99 145 397 
138: 
In: 
Out: 470 264 575 304 428 857 84 379 716 681 372 873 261 
139: 
In: 782 
Out: 291 542 133 240 205 754 943 
140: 
In: 197 143 282 900 
Out: 937 762 74 396 759 833 160 523 
141: 
In: 
Out: 904 655 715 892 409 155 594 88 320 8 
142: 
In: 295 131 299 909 853 840 603 93 567 
Out: 803 329 
143: 
In: 
Out: 408 328 995 794 875 571 714 898 334 140 400 81 
144: 
In: 
Out: 349 238 591 156 389 34 614 845 
145: 
In: 167 137 466 286 383 
Out: 351 485 327 774 23 434 890 122 408 700 71 
146: 
In: 218 820 353 
Out: 16 888 784 806 421 371 842 971 691 47 
147: 
In: 501 91 33 809 62 669 
Out: 6 148 201 689 804 499 
148: 
In: 459 541 232 147 476 81 984 
Out: 867 978 784 921 
149: 
In: 193 
Out: 698 18 475 740 222 527 397 551 898 930 861 
150: 
In: 840 342 934 619 566 464 767 90 244 
Out: 60 812 329 710 787 
151: 
In: 400 221 973 972 43 95 
Out: 707 
152: 
In: 77 934 
Out: 632 363 409 320 312 95 779 
153: 
In: 935 
Out: 515 256 873 137 589 641 865 
154: 
In: 782 887 301 43 369 426 87 452 70 255 647 
Out: 341 784 866 
155: 
In: 406 891 38 221 141 851 126 
Out: 818 524 537 
156: 
In: 976 322 646 521 158 101 290 70 144 288 275 875 358 
Out: 950 697 389 294 274 
157: 
In: 607 178 165 
Out: 868 434 274 104 921 853 
158: 
In: 883 
Out: 388 122 156 435 540 68 267 484 943 
159: 
In: 353 599 883 614 
Out: 489 929 487 16 789 312 371 
160: 
In: 319 178 140 44 
Out: 316 950 306 334 171 390 459 
161: 
In: 298 876 254 403 796 269 404 
Out: 841 306 446 628 
162: 
In: 782 
Out: 63 743 655 230 612 885 61 881 695 
163: 
In: 165 262 671 249 821 28 687 
Out: 804 610 812 
164: 
In: 239 308 229 657 492 21 59 342 33 249 218 
Out: 562 605 
165: 
In: 124 799 668 
Out: 850 163 509 181 915 157 594 195 29 85 
166: 
In: 322 926 
Out: 57 29 219 117 356 822 648 192 315 59 776 
167: 
In: 675 
Out: 237 145 603 708 197 510 624 
168: 
In: 89 559 638 404 2 733 182 
Out: 812 841 
169: 
In: 
Out: 622 579 356 449 735 611 920 552 890 
170: 
In: 
Out: 195 257 964 119 268 577 667 345 882 624 785 2 800 688 426 
171: 
In: 869 253 202 572 448 394 134 463 160 92 52 931 946 464 606 
Out: 563 526 29 
172: 
In: 
Out: 46 725 128 273 894 959 801 728 
173: 
In: 722 708 925 70 779 442 498 887 504 383 426 608 
Out: 587 
174: 
In: 359 417 947 
Out: 922 49 665 66 913 898 208 
175: 
In: 297 
Out: 549 21 918 642 276 33 468 
176: 
In: 717 3 105 
Out: 749 638 419 333 568 925 771 769 805 
177: 
In: 92 544 870 757 826 674 91 
Out: 695 507 239 126 556 909 136 661 20 
178: 
In: 
Out: 428 61 977 157 160 643 974 969 555 901 100 
179: 
In: 759 836 349 813 249 2 961 781 920 
Out: 918 533 
180: 
In: 561 
Out: 67 406 181 
181: 
In: 485 165 180 495 
Out: 739 638 462 187 713 796 
182: 
In: 45 594 920 3 657 949 183 463 
Out: 509 261 787 878 238 745 822 168 
183: 
In: 
Out: 764 524 235 651 346 182 107 456 
184: 
In: 981 844 310 956 105 
Out: 282 332 820 507 762 77 415 809 383 
185: 
In: 799 554 717 247 33 214 892 218 654 957 269 
Out: 553 565 111 205 
186: 
In: 423 258 369 409 189 924 465 192 
Out: 209 850 898 
187: 
In: 58 836 84 724 413 547 369 181 313 320 299 897 916 962 295 
Out: 555 814 
188: 
In: 607 573 0 414 
Out: 610 304 292 895 234 130 464 240 605 
189: 
In: 699 326 9 
Out: 546 186 623 
190: 
In: 
Out: 260 757 62 499 725 736 964 474 979 35 200 691 203 
191: 
In: 620 423 251 956 777 792 203 390 
Out: 987 15 355 
192: 
In: 644 369 166 754 16 983 224 
Out: 523 186 
193: 
In: 
Out: 621 925 149 656 865 2 605 367 989 553 808 69 966 973 673 86 
194: 
In: 275 935 404 
Out: 533 368 306 588 343 305 556 458 
195: 
In: 170 594 874 664 712 230 797 165 387 977 656 121 
Out: 396 
196: 
In: 
Out: 222 29 95 744 324 369 306 820 449 205 514 847 232 516 43 
197: 
In: 167 26 
Out: 912 140 998 769 321 700 405 730 
198: 
In: 774 303 207 482 409 816 228 872 694 292 
Out: 398 775 605 763 396 20 72 639 
199: 
In: 2 665 247 946 
Out: 251 969 913 
200: 
In: 133 190 
Out: 320 116 961 609 868 94 884 
201: 
In: 350 670 295 703 776 135 602 147 692 3 
Out: 439 223 
202: 
In: 767 938 326 823 48 836 
Out: 171 758 897 960 
203: 
In: 935 990 633 358 219 511 594 269 1 512 190 
Out: 814 667 467 516 191 
204: 
In: 932 840 776 32 327 121 421 658 623 430 851 28 315 231 
Out: 453 978 209 784 136 24 230 
205: 
In: 48 771 807 483 196 139 893 185 
Out: 890 966 
206: 
In: 109 246 891 
Out: 217 16 526 458 803 940 211 
207: 
In: 688 911 
Out: 270 904 259 977 670 371 198 672 58 356 
208: 
In: 604 829 714 863 273 711 446 433 174 497 229 
Out: 385 
209: 
In: 660 587 295 186 81 307 204 322 834 572 309 700 719 
Out: 389 622 
210: 
In: 602 544 887 447 8 560 598 134 
Out: 119 860 500 865 
211: 
In: 667 62 770 573 86 613 206 
Out: 352 
212: 
In: 676 815 636 
Out: 811 546 2 98 78 493 858 7 
213: 
In: 515 685 724 80 565 736 269 
Out: 47 
214: 
In: 780 
Out: 546 448 406 921 185 301 
215: 
In: 481 99 
Out: 627 575 712 760 690 385 
216: 
In: 326 404 243 849 
Out: 413 17 106 818 988 222 743 973 
217: 
In: 206 503 290 5 418 
Out: 436 715 111 
218: 
In: 
Out: 638 993 146 710 132 562 96 185 843 736 164 
219: 
In: 166 413 956 607 688 585 328 789 
Out: 11 567 73 203 66 332 
220: 
In: 548 367 102 41 746 249 972 124 
Out: 377 775 
221: 
In: 
Out: 119 4 151 384 656 155 99 724 426 963 
222: 
In: 196 973 909 149 216 244 51 101 638 514 613 821 529 
Out: 396 456 20 
223: 
In: 851 688 232 634 313 735 510 34 587 49 201 399 297 349 
Out: 524 586 
224: 
In: 229 96 115 
Out: 492 491 895 645 192 
225: 
In: 322 635 
Out: 706 240 517 639 524 22 
226: 
In: 671 538 59 417 915 234 408 879 
Out: 983 230 526 567 
227: 
In: 414 101 658 52 
Out: 696 440 576 419 652 352 
228: 
In: 703 593 958 486 436 864 264 792 670 682 263 
Out: 700 621 847 763 198 885 
229: 
In: 
Out: 297 300 57 224 164 625 240 208 
230: 
In: 226 382 57 530 733 297 675 498 162 587 924 802 681 491 621 204 570 
Out: 713 195 85 
231: 
In: 344 
Out: 433 307 392 745 682 898 238 204 
232: 
In: 196 
Out: 656 467 148 542 665 223 964 130 540 824 979 621 
233: 
In: 800 607 817 825 
Out: 896 988 913 732 527 536 573 337 568 970 379 
234: 
In: 463 572 792 188 9 800 474 907 321 397 
Out: 75 422 563 226 
235: 
In: 183 844 400 
Out: 813 710 106 304 470 728 941 367 509 695 
236: 
In: 566 953 268 
Out: 643 630 527 242 653 307 8 915 
237: 
In: 167 903 401 532 810 735 415 
Out: 507 63 476 53 687 706 62 
238: 
In: 917 571 424 288 144 846 393 301 182 302 451 231 
Out: 824 50 833 
239: 
In: 399 177 785 875 384 883 101 308 
Out: 806 164 516 314 
240: 
In: 749 225 958 673 482 139 919 915 188 369 633 272 229 47 446 519 80 
Out: 586 
241: 
In: 115 714 467 307 486 925 436 31 650 354 56 526 270 460 530 252 
Out: 293 617 
242: 
In: 655 236 974 677 348 799 
Out: 270 995 534 759 652 
243: 
In: 637 
Out: 28 19 811 735 644 546 485 633 216 732 
244: 
In: 664 322 768 502 65 732 675 328 782 
Out: 563 332 712 691 222 150 547 721 
245: 
In: 688 505 880 626 433 597 544 270 653 42 
Out: 803 127 689 468 
246: 
In: 660 
Out: 378 705 620 206 948 379 777 516 625 72 93 949 
247: 
In: 
Out: 571 521 980 551 294 855 185 335 798 869 199 88 714 
248: 
In: 956 726 353 811 724 901 112 738 816 929 451 599 
Out: 50 547 
249: 
In: 602 599 
Out: 16 163 724 179 406 553 485 843 164 220 11 
250: 
In: 593 825 
Out: 122 327 551 99 833 530 419 23 
251: 
In: 925 199 550 391 359 
Out: 191 787 
252: 
In: 404 414 418 
Out: 93 606 340 795 364 750 356 241 
253: 
In: 288 110 349 879 742 109 54 448 319 
Out: 171 803 811 590 
254: 
In: 875 386 290 
Out: 478 774 822 993 161 642 913 555 666 518 545 406 
255: 
In: 714 319 967 686 606 296 496 55 676 
Out: 878 706 990 67 569 154 
256: 
In: 914 989 70 153 301 95 269 
Out: 655 314 567 764 69 
257: 
In: 303 170 955 367 942 971 804 412 579 111 827 119 936 123 527 992 
Out: 567 389 707 
258: 
In: 685 582 291 817 761 
Out: 33 186 123 11 436 813 399 
259: 
In: 494 374 532 989 207 861 596 854 275 
Out: 6 433 866 787 583 
260: 
In: 190 
Out: 506 278 781 848 123 270 674 507 606 803 386 332 633 
261: 
In: 182 571 954 842 138 
Out: 690 281 921 
262: 
In: 
Out: 87 163 580 642 514 669 633 834 372 355 
263: 
In: 783 495 101 634 
Out: 402 299 420 550 228 
264: 
In: 138 432 466 399 334 272 291 
Out: 921 866 913 307 818 228 395 
265: 
In: 634 404 
Out: 763 574 307 305 59 562 
266: 
In: 823 
Out: 57 347 87 490 712 716 682 
267: 
In: 985 512 393 591 379 577 438 158 327 797 
Out: 85 569 
268: 
In: 170 
Out: 585 471 274 282 110 236 71 280 450 911 930 78 795 36 
269: 
In: 
Out: 956 552 928 203 278 911 55 161 256 213 835 185 
270: 
In: 242 930 849 207 976 260 326 122 28 974 84 504 
Out: 125 458 245 822 547 241 
271: 
In: 916 879 383 755 
Out: 806 592 533 471 7 371 69 
272: 
In: 597 723 874 
Out: 240 51 721 653 641 264 
273: 
In: 616 346 863 844 107 172 926 968 
Out: 540 208 500 
274: 
In: 19 268 707 891 331 840 157 413 339 793 156 
Out: 335 
275: 
In: 
Out: 538 41 194 844 795 716 710 814 156 651 581 259 
276: 
In: 740 813 918 175 664 855 290 909 84 809 
Out: 612 962 453 751 978 
277: 
In: 
Out: 606 72 696 800 531 
278: 
In: 748 544 260 602 4 269 41 942 837 
Out: 575 973 53 335 576 966 370 
279: 
In: 326 375 919 679 
Out: 617 805 774 504 355 581 
280: 
In: 25 933 268 734 934 704 443 677 874 26 594 746 878 
Out: 15 76 136 468 558 
281: 
In: 406 137 679 723 880 792 989 607 261 678 
Out: 628 
282: 
In: 184 268 792 591 
Out: 50 612 786 452 909 458 794 140 397 
283: 
In: 848 37 683 566 
Out: 961 970 627 118 355 360 315 95 
284: 
In: 646 681 91 633 637 789 403 875 802 914 42 110 951 954 770 
Out: 22 292 23 818 937 348 
285: 
In: 522 614 
Out: 866 810 517 644 385 43 794 543 
286: 
In: 
Out: 351 452 28 537 504 667 701 650 343 955 374 811 145 479 
287: 
In: 755 
Out: 87 407 899 385 732 577 706 711 
288: 
In: 
Out: 238 672 102 587 253 8 978 156 65 38 
289: 
In: 606 475 699 674 618 736 558 873 
Out: 580 
290: 
In: 849 
Out: 217 116 885 156 988 276 254 
291: 
In: 725 139 597 879 902 115 908 
Out: 61 258 10 663 944 264 
292: 
In: 188 284 532 977 
Out: 368 72 88 962 794 198 
293: 
In: 241 484 498 799 312 574 34 631 430 907 451 
Out: 24 
294: 
In: 84 247 874 991 944 805 156 374 
Out: 32 10 18 661 
295: 
In: 782 403 
Out: 142 618 915 675 201 209 11 356 577 453 854 187 
296: 
In: 394 322 116 506 81 686 785 38 99 
Out: 396 75 136 255 512 
297: 
In: 229 938 353 
Out: 110 887 117 230 17 740 739 175 794 628 223 
298: 
In: 676 607 933 889 
Out: 161 988 652 122 395 751 563 779 990 719 475 948 927 955 
299: 
In: 651 733 121 996 645 919 263 620 340 759 436 
Out: 376 142 187 589 377 
300: 
In: 229 642 117 861 895 441 438 
Out: 478 779 20 
301: 
In: 92 629 105 99 134 214 564 
Out: 154 439 256 238 867 
302: 
In: 888 483 52 80 350 571 383 923 317 870 440 
Out: 524 913 327 833 238 74 486 
303: 
In: 
Out: 559 257 993 464 839 198 967 487 694 398 702 743 380 865 790 
304: 
In: 188 138 235 90 55 666 
Out: 75 910 50 617 918 7 814 
305: 
In: 477 28 407 194 87 951 466 265 861 
Out: 23 897 
306: 
In: 634 161 194 394 391 160 196 785 996 460 755 747 876 75 853 
Out: 562 672 
307: 
In: 371 625 770 541 326 231 380 264 265 236 
Out: 972 744 241 209 76 973 
308: 
In: 855 676 839 531 86 935 513 967 
Out: 962 567 540 164 651 40 915 76 492 12 239 
309: 
In: 375 935 916 
Out: 78 672 628 364 973 457 209 858 788 463 976 513 
310: 
In: 445 
Out: 902 184 740 672 966 323 713 122 828 657 
311: 
In: 466 889 
Out: 27 327 616 749 20 370 813 530 978 104 568 465 
312: 
In: 402 561 364 99 152 933 159 328 887 911 
Out: 293 545 
313: 
In: 716 35 387 565 504 711 597 343 476 747 566 
Out: 913 223 187 127 
314: 
In: 760 84 626 796 769 552 564 256 700 763 706 239 472 
Out: 10 
315: 
In: 481 166 826 283 8 
Out: 94 859 982 739 775 617 852 719 204 
316: 
In: 160 14 417 
Out: 645 787 696 795 
317: 
In: 532 561 
Out: 68 989 410 948 350 625 302 878 
318: 
In: 
Out: 757 500 932 440 835 536 678 
319: 
In: 
Out: 586 633 255 513 328 732 624 473 160 73 737 711 253 459 
320: 
In: 200 152 6 691 38 824 141 545 470 458 
Out: 187 490 389 352 
321: 
In: 326 197 353 
Out: 845 102 569 894 234 537 451 
322: 
In: 
Out: 166 244 225 296 156 806 906 209 662 443 36 853 888 631 407 
323: 
In: 310 597 566 411 
Out: 642 721 82 595 397 426 581 
324: 
In: 196 
Out: 669 389 829 587 103 728 887 325 45 703 539 789 
325: 
In: 324 26 
Out: 841 845 558 712 530 920 907 770 777 
326: 
In: 418 
Out: 279 307 202 134 830 61 689 321 270 762 216 189 649 601 
327: 
In: 311 250 459 947 25 767 145 302 483 416 66 418 384 645 673 442 
Out: 204 267 
328: 
In: 143 319 
Out: 510 493 244 973 312 873 219 597 
329: 
In: 979 23 930 440 85 150 14 35 617 816 413 396 843 142 865 614 
Out: 586 
330: 
In: 105 
Out: 13 982 119 814 515 841 426 
331: 
In: 900 
Out: 541 475 88 656 979 720 274 420 977 596 419 610 407 
332: 
In: 401 244 917 184 845 260 429 219 
Out: 97 659 
333: 
In: 176 614 
Out: 777 645 708 477 55 95 396 450 424 584 
334: 
In: 965 160 143 815 771 
Out: 962 594 264 
335: 
In: 887 875 107 49 247 431 943 278 339 686 764 274 762 989 
Out: 803 
336: 
In: 507 36 814 498 819 709 541 687 389 751 79 766 
Out: 468 
337: 
In: 394 233 585 838 
Out: 487 666 419 
338: 
In: 508 927 66 92 420 549 
Out: 85 551 950 983 
339: 
In: 625 933 664 809 919 
Out: 904 274 335 812 
340: 
In: 636 86 252 643 894 569 77 517 927 825 
Out: 853 843 299 
341: 
In: 154 445 699 762 995 34 947 551 453 775 693 
Out: 425 
342: 
In: 35 674 637 876 644 802 
Out: 150 429 470 20 62 974 164 728 890 
343: 
In: 379 194 286 123 394 
Out: 313 590 
344: 
In: 809 675 48 
Out: 373 389 20 753 231 764 708 
345: 
In: 849 170 414 115 
Out: 605 772 396 641 861 553 17 654 
346: 
In: 891 417 388 183 618 
Out: 273 439 59 818 15 652 655 996 605 2 
347: 
In: 266 947 609 658 657 756 
Out: 468 707 6 352 898 
348: 
In: 408 64 129 579 964 284 
Out: 586 242 453 10 
349: 
In: 144 
Out: 128 179 253 809 487 439 22 519 790 126 223 
350: 
In: 854 529 317 54 
Out: 628 513 201 465 853 302 56 841 546 
351: 
In: 801 286 145 676 
Out: 790 545 406 
352: 
In: 477 549 879 18 347 110 857 211 320 227 
Out: 446 866 745 546 
353: 
In: 
Out: 159 248 552 378 955 447 453 407 991 714 436 13 837 495 297 605 146 606 321 
354: 
In: 447 19 938 132 111 63 413 556 832 534 479 671 578 5 
Out: 435 241 
355: 
In: 812 785 407 283 279 191 628 262 
Out: 787 
356: 
In: 169 756 808 166 459 997 295 252 32 207 
Out: 841 556 960 
357: 
In: 361 649 845 425 918 653 684 651 12 975 725 
Out: 398 490 
358: 
In: 946 849 
Out: 929 84 203 781 512 796 733 59 156 
359: 
In: 
Out: 848 757 760 174 787 469 251 531 77 
360: 
In: 820 789 687 283 497 796 944 650 670 129 
Out: 833 948 57 
361: 
In: 597 
Out: 357 506 927 612 33 467 398 490 
362: 
In: 100 666 386 548 511 
Out: 587 978 793 931 
363: 
In: 152 461 135 635 788 501 
Out: 868 78 
364: 
In: 381 753 630 134 518 309 252 
Out: 312 843 720 465 
365: 
In: 851 855 
Out: 395 816 453 
366: 
In: 711 
Out: 860 794 518 592 556 
367: 
In: 193 235 
Out: 79 866 220 257 860 498 955 524 940 
368: 
In: 658 616 194 292 397 646 730 679 994 
Out: 998 653 556 659 624 
369: 
In: 35 17 548 196 463 505 39 900 606 985 
Out: 186 154 192 187 628 240 563 
370: 
In: 887 981 957 792 100 311 429 846 722 771 278 834 926 
Out: 524 652 868 119 786 
371: 
In: 146 207 379 271 431 159 
Out: 307 904 975 468 
372: 
In: 669 138 262 535 
Out: 646 827 467 
373: 
In: 344 825 406 518 460 662 809 105 477 
Out: 50 553 779 
374: 
In: 286 
Out: 918 259 468 575 99 294 
375: 
In: 495 825 
Out: 420 863 442 279 460 309 990 770 102 484 434 697 
376: 
In: 299 512 388 406 807 970 488 
Out: 819 
377: 
In: 663 53 792 941 220 798 810 948 594 833 850 978 299 541 
Out: 586 784 
378: 
In: 58 441 246 353 418 108 984 676 724 648 941 
Out: 465 
379: 
In: 889 485 138 792 246 614 233 984 
Out: 343 652 845 61 267 487 371 506 
380: 
In: 633 303 
Out: 491 307 549 638 841 406 
381: 
In: 87 839 807 756 
Out: 364 948 587 586 872 569 
382: 
In: 789 485 496 648 561 
Out: 230 642 595 843 489 524 32 
383: 
In: 184 
Out: 116 271 520 939 51 302 173 579 405 145 388 
384: 
In: 115 221 678 855 
Out: 700 27 746 665 239 327 948 673 
385: 
In: 287 788 950 133 742 700 499 787 659 95 285 32 118 626 76 74 208 215 485 
Out: 586 
386: 
In: 801 260 
Out: 764 777 362 487 127 444 254 57 
387: 
In: 495 
Out: 440 313 137 195 90 
388: 
In: 158 686 699 383 
Out: 462 728 29 376 346 525 842 794 744 940 
389: 
In: 971 409 497 324 344 156 910 144 518 446 914 320 209 793 390 257 85 471 866 629 
Out: 336 
390: 
In: 505 160 600 742 
Out: 708 520 928 420 389 191 
391: 
In: 
Out: 60 396 306 76 251 88 
392: 
In: 949 732 231 578 
Out: 10 50 537 867 552 784 
393: 
In: 81 825 957 678 888 
Out: 395 498 238 267 955 
394: 
In: 
Out: 520 306 750 296 457 532 493 50 171 95 337 998 631 68 558 343 
395: 
In: 654 495 298 393 113 560 722 442 634 365 434 264 
Out: 471 125 626 
396: 
In: 120 222 614 391 345 296 198 140 510 333 559 195 687 
Out: 329 
397: 
In: 14 149 323 953 282 137 
Out: 584 757 539 470 56 458 473 368 794 234 426 
398: 
In: 552 198 988 361 646 357 303 736 84 800 921 714 557 
Out: 751 
399: 
In: 129 835 413 258 
Out: 239 790 426 983 865 719 264 814 913 223 
400: 
In: 26 143 
Out: 879 151 716 818 572 503 798 235 970 797 589 
401: 
In: 531 
Out: 332 885 674 484 237 703 865 606 739 
402: 
In: 263 101 606 944 132 
Out: 312 122 705 829 406 709 581 
403: 
In: 
Out: 997 742 76 862 161 594 126 464 284 691 295 749 
404: 
In: 
Out: 971 698 252 541 669 30 168 161 265 216 804 194 
405: 
In: 472 418 383 197 
Out: 100 674 643 
406: 
In: 214 249 402 180 488 254 351 86 380 807 
Out: 281 155 373 859 376 588 907 970 47 968 
407: 
In: 599 287 944 742 735 353 883 504 331 322 
Out: 305 104 355 897 719 588 
408: 
In: 143 145 4 
Out: 348 508 545 441 615 870 850 464 592 677 226 
409: 
In: 152 141 669 871 64 
Out: 758 389 969 186 127 12 623 198 88 
410: 
In: 317 
Out: 30 870 111 485 601 50 687 
411: 
In: 472 
Out: 982 575 598 969 946 5 0 428 432 978 24 323 
412: 
In: 
Out: 642 28 257 649 471 614 716 
413: 
In: 216 469 129 815 
Out: 821 784 219 913 187 539 274 893 329 354 399 
414: 
In: 635 
Out: 843 85 747 227 701 252 777 916 535 345 496 188 
415: 
In: 184 
Out: 61 673 50 671 237 
416: 
In: 844 124 461 848 
Out: 327 662 584 940 983 
417: 
In: 
Out: 912 84 346 226 822 469 174 858 648 316 752 
418: 
In: 
Out: 3 451 740 892 616 378 252 789 955 460 405 326 327 509 47 217 
419: 
In: 479 975 996 625 176 486 227 331 445 250 557 337 
Out: 662 508 
420: 
In: 375 644 100 331 650 899 670 390 263 
Out: 338 913 
421: 
In: 146 
Out: 786 567 517 204 589 881 490 
422: 
In: 695 489 122 646 735 234 914 
Out: 85 913 
423: 
In: 80 637 
Out: 943 547 74 186 691 60 191 845 964 976 
424: 
In: 585 602 333 
Out: 238 609 691 
425: 
In: 736 84 614 658 341 36 
Out: 357 500 720 
426: 
In: 26 55 399 882 705 323 221 646 397 986 330 170 
Out: 154 697 819 173 
427: 
In: 434 712 957 593 789 823 103 
Out: 822 859 701 
428: 
In: 178 138 411 845 113 51 
Out: 527 439 
429: 
In: 753 342 699 957 25 531 
Out: 662 520 534 562 370 516 332 715 
430: 
In: 482 629 
Out: 16 31 995 784 605 33 204 293 733 
431: 
In: 582 630 
Out: 804 121 74 859 592 533 682 335 821 980 833 498 371 862 
432: 
In: 967 411 
Out: 549 665 794 264 785 694 757 606 818 73 
433: 
In: 231 259 640 905 632 732 
Out: 484 245 696 208 558 
434: 
In: 157 894 145 132 375 594 598 
Out: 427 533 962 72 395 
435: 
In: 510 131 917 823 158 354 441 666 468 546 814 848 
Out: 952 
436: 
In: 137 836 217 796 726 353 258 895 696 
Out: 104 78 700 724 228 471 241 299 
437: 
In: 90 670 510 
Out: 444 525 551 562 456 852 868 
438: 
In: 609 
Out: 751 66 267 300 812 
439: 
In: 839 479 301 346 201 927 986 880 349 486 18 428 774 
Out: 74 12 913 534 728 457 
440: 
In: 387 318 227 886 809 947 
Out: 87 329 931 691 67 498 302 
441: 
In: 620 408 876 135 
Out: 378 786 937 300 435 950 722 
442: 
In: 375 554 483 903 
Out: 525 173 728 909 6 395 867 794 327 
443: 
In: 322 
Out: 662 714 530 450 99 280 735 22 491 
444: 
In: 566 437 792 107 386 
Out: 950 819 832 
445: 
In: 582 
Out: 310 341 783 679 670 977 102 16 419 884 469 
446: 
In: 352 972 84 479 161 53 726 592 64 827 81 
Out: 85 389 208 240 
447: 
In: 353 917 616 
Out: 354 628 777 842 210 722 990 
448: 
In: 755 214 515 932 619 
Out: 970 881 546 595 171 78 118 253 62 
449: 
In: 561 169 723 196 984 923 837 
Out: 681 843 661 541 468 
450: 
In: 675 443 268 637 333 
Out: 669 652 567 29 860 30 551 
451: 
In: 770 839 418 95 593 112 573 891 321 
Out: 136 719 127 248 238 293 
452: 
In: 286 282 
Out: 463 682 689 154 666 656 
453: 
In: 204 946 573 353 276 508 650 497 17 507 466 348 295 67 365 702 
Out: 555 341 
454: 
In: 
Out: 589 701 670 697 914 908 
455: 
In: 
Out: 861 89 696 713 589 717 749 467 911 769 779 
456: 
In: 839 0 782 714 862 837 727 718 469 222 115 794 437 22 60 183 466 
Out: 471 
457: 
In: 743 62 875 394 26 653 920 309 673 439 938 
Out: 516 784 843 
458: 
In: 799 397 598 270 206 89 282 790 40 194 
Out: 656 320 
459: 
In: 531 801 923 160 658 319 
Out: 148 327 130 356 730 
460: 
In: 375 418 682 
Out: 373 306 241 
461: 
In: 
Out: 643 964 363 548 751 944 115 462 416 993 893 
462: 
In: 388 905 181 461 663 830 
Out: 909 41 517 642 514 
463: 
In: 452 902 109 309 964 
Out: 655 234 659 171 369 601 182 
464: 
In: 938 303 663 188 585 977 408 403 
Out: 103 913 526 150 642 910 171 
465: 
In: 350 378 364 560 311 
Out: 728 186 
466: 
In: 
Out: 264 311 741 5 56 46 145 57 305 453 566 950 456 
467: 
In: 232 715 361 203 789 455 128 372 
Out: 241 617 859 71 
468: 
In: 118 347 752 964 575 822 374 109 63 493 957 96 280 125 622 336 803 245 569 22 371 449 175 
Out: 435 
469: 
In: 39 782 417 755 359 445 
Out: 988 523 960 413 456 517 
470: 
In: 138 601 32 397 235 342 761 912 937 568 805 
Out: 20 320 
471: 
In: 268 537 126 395 436 271 412 15 456 57 712 
Out: 76 389 
472: 
In: 
Out: 411 31 64 405 529 129 12 710 314 
473: 
In: 397 319 604 
Out: 117 477 59 
474: 
In: 115 729 8 190 658 25 
Out: 234 498 579 
475: 
In: 331 953 823 149 684 549 135 298 
Out: 896 289 72 
476: 
In: 237 70 969 990 13 
Out: 148 763 313 
477: 
In: 39 619 333 616 473 831 917 
Out: 305 352 622 373 
478: 
In: 62 254 815 493 630 102 41 300 497 711 
Out: 793 713 
479: 
In: 33 754 64 905 515 945 286 
Out: 419 439 446 119 812 354 
480: 
In: 
Out: 836 924 696 776 62 773 721 948 861 8 
481: 
In: 84 826 
Out: 621 98 315 215 45 541 89 847 666 697 
482: 
In: 945 
Out: 720 240 908 430 748 198 62 638 
483: 
In: 493 688 
Out: 485 943 302 205 327 697 850 662 866 442 640 682 
484: 
In: 718 982 497 957 860 401 958 433 598 749 158 375 643 
Out: 293 858 843 
485: 
In: 483 634 145 410 243 249 831 604 
Out: 568 379 181 114 70 382 385 
486: 
In: 681 677 495 302 
Out: 228 241 419 439 543 556 
487: 
In: 349 606 159 386 303 337 379 
Out: 763 975 
488: 
In: 945 101 
Out: 645 706 835 406 734 376 
489: 
In: 159 971 685 382 4 776 579 109 
Out: 82 545 627 422 642 720 
490: 
In: 656 878 993 266 856 320 725 357 130 499 421 361 
Out: 589 
491: 
In: 950 380 224 112 703 18 824 921 976 653 915 111 443 
Out: 230 
492: 
In: 917 664 224 650 308 780 
Out: 85 66 164 739 553 
493: 
In: 5 328 394 212 
Out: 970 483 119 777 869 478 468 914 943 
494: 
In: 
Out: 808 65 652 259 967 820 855 960 544 
495: 
In: 593 353 
Out: 618 75 395 705 387 671 574 486 638 498 263 375 181 
496: 
In: 820 505 414 880 
Out: 793 382 664 689 82 46 988 255 691 123 
497: 
In: 820 991 
Out: 909 484 389 705 453 55 516 360 27 478 208 
498: 
In: 758 636 393 955 367 743 474 495 431 440 503 
Out: 617 293 890 230 336 610 173 822 526 
499: 
In: 190 954 81 18 147 
Out: 763 385 490 
500: 
In: 318 693 505 735 210 590 948 425 964 974 939 11 910 273 804 129 
Out: 803 
501: 
In: 128 123 769 679 
Out: 147 612 569 509 692 363 
502: 
In: 3 
Out: 905 244 549 857 774 752 
503: 
In: 400 
Out: 553 217 659 929 12 912 921 987 712 498 
504: 
In: 286 734 675 801 89 279 953 102 933 
Out: 595 313 621 173 270 407 
505: 
In: 683 618 
Out: 694 245 500 560 27 390 123 613 496 369 716 567 
506: 
In: 260 361 379 723 
Out: 998 296 922 763 
507: 
In: 237 177 260 184 5 834 
Out: 336 611 996 453 707 728 
508: 
In: 408 712 688 571 595 419 
Out: 453 998 338 812 865 
509: 
In: 182 165 561 830 501 109 596 235 35 418 860 752 
Out: 621 909 583 611 
510: 
In: 591 932 328 756 518 742 528 167 
Out: 790 435 840 988 794 396 60 223 437 
511: 
In: 687 893 782 518 585 
Out: 203 846 362 
512: 
In: 5 711 887 629 799 358 658 296 
Out: 376 773 267 867 203 524 
513: 
In: 573 350 319 761 94 309 
Out: 605 833 308 972 976 57 
514: 
In: 262 9 923 196 703 820 40 769 462 
Out: 222 909 978 
515: 
In: 153 686 591 330 1 
Out: 213 124 794 44 953 96 72 448 479 706 966 568 
516: 
In: 239 457 806 744 977 9 946 765 497 203 246 837 429 196 543 117 
Out: 617 
517: 
In: 955 103 26 285 565 421 462 225 875 939 904 965 777 732 469 916 
Out: 706 697 125 340 
518: 
In: 923 854 366 52 254 831 
Out: 510 373 872 364 389 511 19 
519: 
In: 44 686 349 
Out: 719 712 922 240 
520: 
In: 117 394 564 429 105 383 743 390 550 556 987 863 
Out: 779 
521: 
In: 247 757 986 895 823 679 864 
Out: 156 920 745 775 
522: 
In: 
Out: 623 285 29 69 683 612 
523: 
In: 469 954 192 716 607 967 140 
Out: 93 
524: 
In: 370 100 543 302 873 183 982 155 899 223 367 225 571 382 61 859 988 512 
Out: 843 
525: 
In: 442 437 927 388 609 869 736 
Out: 10 71 
526: 
In: 937 611 464 602 989 206 31 107 607 171 226 905 498 
Out: 241 
527: 
In: 691 690 236 233 862 428 149 699 12 979 796 33 83 871 
Out: 257 992 
528: 
In: 699 989 
Out: 510 787 21 78 
529: 
In: 472 839 
Out: 651 795 350 222 
530: 
In: 934 443 879 325 311 250 
Out: 562 230 724 241 
531: 
In: 359 277 
Out: 459 308 401 932 429 
532: 
In: 394 
Out: 636 595 60 924 960 785 259 292 317 237 918 838 982 
533: 
In: 194 135 130 431 434 271 757 690 179 
Out: 589 898 787 
534: 
In: 935 605 693 640 78 72 982 429 112 958 242 439 
Out: 354 
535: 
In: 726 660 414 849 930 602 
Out: 79 372 751 
536: 
In: 875 941 233 735 794 318 782 979 
Out: 910 909 983 
537: 
In: 692 286 392 81 971 944 321 994 155 
Out: 471 745 898 
538: 
In: 275 930 778 
Out: 226 962 113 70 592 707 987 
539: 
In: 111 760 397 413 87 324 685 78 973 899 877 
Out: 913 885 
540: 
In: 273 629 907 308 3 919 158 232 646 565 969 772 
Out: 622 818 
541: 
In: 331 404 48 481 449 554 
Out: 899 148 715 589 690 307 2 336 829 909 377 
542: 
In: 139 232 696 997 
Out: 11 612 
543: 
In: 984 920 691 584 486 285 
Out: 524 988 68 516 
544: 
In: 494 
Out: 278 210 28 949 87 21 177 111 957 750 245 837 
545: 
In: 489 408 351 254 312 
Out: 320 763 
546: 
In: 899 822 943 214 448 892 189 212 243 655 779 352 350 
Out: 435 
547: 
In: 423 810 959 903 92 244 270 248 950 765 
Out: 187 832 
548: 
In: 933 461 98 48 
Out: 999 220 125 69 369 362 859 975 
549: 
In: 432 175 863 616 8 380 502 
Out: 712 758 352 475 821 338 666 
550: 
In: 953 815 4 688 263 911 
Out: 251 584 520 931 806 811 
551: 
In: 338 673 247 250 437 149 799 998 662 816 450 679 112 
Out: 341 898 
552: 
In: 906 353 905 269 925 582 169 392 
Out: 398 314 130 
553: 
In: 503 120 185 688 708 249 193 345 703 373 492 
Out: 610 
554: 
In: 877 
Out: 185 708 833 442 62 743 624 541 865 
555: 
In: 187 59 794 704 962 254 12 652 453 637 919 178 952 
Out: 586 
556: 
In: 808 692 84 368 356 12 177 194 102 861 954 486 366 636 
Out: 520 354 
557: 
In: 9 849 
Out: 912 134 880 864 950 659 419 398 
558: 
In: 911 914 592 325 54 135 594 5 394 672 280 88 734 433 
Out: 11 745 289 
559: 
In: 303 
Out: 942 863 168 89 396 46 
560: 
In: 505 891 761 799 
Out: 746 395 210 465 
561: 
In: 889 
Out: 312 650 449 509 611 77 806 317 382 14 180 
562: 
In: 164 801 882 930 601 218 530 429 306 437 133 48 40 850 829 53 122 265 
Out: 793 952 
563: 
In: 244 765 298 715 719 171 125 811 234 606 369 749 
Out: 784 
564: 
In: 
Out: 775 56 520 693 908 646 314 37 833 818 301 
565: 
In: 5 185 986 
Out: 127 739 313 213 819 517 878 601 540 95 665 
566: 
In: 3 466 
Out: 672 444 236 912 692 150 701 881 323 283 714 969 313 
567: 
In: 257 976 308 450 219 421 256 971 830 650 226 505 
Out: 142 
568: 
In: 485 176 908 233 311 515 
Out: 920 667 126 103 697 884 813 950 924 470 
569: 
In: 954 321 501 699 744 645 255 680 762 267 381 
Out: 819 340 468 
570: 
In: 979 749 
Out: 995 662 878 78 673 690 931 230 
571: 
In: 247 143 
Out: 238 625 302 819 609 508 922 524 261 735 
572: 
In: 875 400 132 802 591 
Out: 735 730 234 630 171 983 209 670 65 874 
573: 
In: 981 233 
Out: 513 453 993 211 451 715 188 
574: 
In: 265 591 495 
Out: 741 86 293 746 700 966 
575: 
In: 411 138 278 215 374 135 807 887 791 801 783 
Out: 621 655 468 583 867 
576: 
In: 43 111 227 822 278 682 745 23 661 
Out: 751 
577: 
In: 133 732 287 170 51 888 825 295 986 
Out: 20 267 773 690 
578: 
In: 945 934 
Out: 743 734 899 896 8 812 392 96 354 
579: 
In: 169 991 383 862 474 
Out: 257 931 348 912 489 
580: 
In: 790 262 711 624 787 289 898 
Out: 71 
581: 
In: 630 842 275 931 323 402 279 
Out: 661 672 840 19 
582: 
In: 
Out: 830 258 445 775 552 76 431 796 93 658 
583: 
In: 706 104 575 714 509 259 46 
Out: 47 11 
584: 
In: 397 767 550 416 333 
Out: 672 646 120 706 16 543 818 
585: 
In: 268 599 
Out: 424 784 643 464 337 219 589 511 
586: 
In: 377 319 724 348 381 835 94 892 655 555 329 240 784 385 223 
Out: 
587: 
In: 908 973 288 381 362 324 16 600 824 697 173 605 119 
Out: 209 230 223 
588: 
In: 638 194 98 406 407 
Out: 136 93 
589: 
In: 454 533 541 958 596 710 455 421 153 585 299 617 490 68 657 400 
Out: 76 
590: 
In: 971 951 853 677 343 253 
Out: 500 622 
591: 
In: 144 
Out: 510 47 721 969 92 267 515 574 282 572 666 807 995 
592: 
In: 124 431 271 597 58 734 366 881 538 686 408 929 
Out: 72 558 446 74 
593: 
In: 
Out: 250 228 925 890 495 17 652 41 451 427 4 887 135 798 
594: 
In: 52 785 403 334 165 141 
Out: 195 182 51 78 377 203 878 67 558 280 697 866 434 
595: 
In: 845 532 504 382 448 754 923 323 798 
Out: 7 85 508 76 117 
596: 
In: 901 331 
Out: 764 589 851 13 66 509 104 259 
597: 
In: 680 679 328 
Out: 272 610 797 592 998 291 642 323 313 245 361 757 
598: 
In: 411 668 77 
Out: 628 458 972 75 850 484 210 434 
599: 
In: 
Out: 407 953 159 585 248 620 249 853 
600: 
In: 801 
Out: 67 587 390 645 
601: 
In: 565 410 463 326 
Out: 470 739 813 562 10 915 
602: 
In: 
Out: 210 249 424 626 526 121 278 201 11 752 604 535 
603: 
In: 727 125 664 981 961 949 167 107 116 57 820 867 626 
Out: 142 
604: 
In: 602 
Out: 208 908 997 703 473 485 
605: 
In: 345 54 40 831 668 513 198 193 882 901 430 353 794 346 164 188 
Out: 534 49 587 
606: 
In: 277 252 260 401 432 619 353 
Out: 977 289 819 701 487 872 402 255 369 563 996 171 
607: 
In: 883 
Out: 233 157 692 998 767 298 188 219 526 281 523 617 
608: 
In: 
Out: 701 126 770 626 173 
609: 
In: 200 424 571 632 
Out: 628 347 525 438 958 776 
610: 
In: 188 597 45 94 498 331 163 69 833 553 97 694 
Out: 952 
611: 
In: 752 507 918 561 839 51 974 815 169 924 40 681 641 509 
Out: 526 20 
612: 
In: 282 715 361 501 276 162 119 542 522 
Out: 130 988 
613: 
In: 505 14 862 726 880 678 
Out: 918 97 211 222 
614: 
In: 412 144 
Out: 396 98 285 72 869 425 333 159 82 379 964 329 
615: 
In: 882 408 1 861 
Out: 69 808 700 885 
616: 
In: 311 418 849 800 660 
Out: 273 368 895 119 549 477 999 447 
617: 
In: 86 87 498 279 467 825 638 99 636 315 304 624 826 820 822 516 818 241 689 623 881 607 
Out: 329 589 
618: 
In: 495 295 26 
Out: 626 640 289 505 62 816 673 346 
619: 
In: 637 991 675 
Out: 477 150 714 774 606 448 
620: 
In: 246 599 107 
Out: 640 441 191 868 869 734 299 724 800 
621: 
In: 815 481 193 929 575 509 228 504 83 2 232 
Out: 850 230 
622: 
In: 169 838 932 971 882 540 680 695 50 919 933 477 902 209 590 704 
Out: 468 
623: 
In: 522 723 761 871 925 685 409 189 
Out: 204 7 617 
624: 
In: 319 666 731 170 122 554 649 368 167 
Out: 19 617 580 11 
625: 
In: 571 229 317 246 
Out: 307 339 419 712 906 829 918 705 98 
626: 
In: 618 647 608 602 912 753 755 903 395 
Out: 314 245 385 603 
627: 
In: 215 283 48 489 920 674 748 755 809 
Out: 988 943 
628: 
In: 447 879 609 350 309 598 874 875 1 369 297 281 161 
Out: 72 355 
629: 
In: 
Out: 540 708 512 920 301 24 719 841 711 430 31 389 
630: 
In: 766 236 572 
Out: 364 581 478 730 431 
631: 
In: 936 886 129 855 394 820 322 37 
Out: 741 841 293 909 733 
632: 
In: 152 
Out: 814 974 106 853 433 692 609 651 
633: 
In: 319 262 903 243 637 260 
Out: 68 203 126 89 380 284 240 865 892 
634: 
In: 
Out: 306 117 979 485 707 265 223 395 263 104 
635: 
In: 
Out: 850 720 716 363 225 724 414 
636: 
In: 532 135 
Out: 689 340 103 126 498 38 949 617 212 109 556 
637: 
In: 
Out: 243 59 619 423 284 916 633 952 555 342 130 450 846 644 
638: 
In: 218 176 181 380 495 48 991 482 
Out: 821 588 721 920 617 168 222 987 
639: 
In: 661 225 198 106 894 
Out: 69 
640: 
In: 620 618 820 483 
Out: 534 433 993 776 734 20 779 102 962 
641: 
In: 908 345 985 868 904 925 153 122 954 272 
Out: 970 689 611 
642: 
In: 412 909 323 382 262 837 254 597 464 489 175 462 798 59 741 63 
Out: 913 952 300 885 
643: 
In: 236 461 964 585 178 14 109 405 
Out: 340 63 484 
644: 
In: 1 115 285 243 685 637 
Out: 700 420 192 342 
645: 
In: 316 333 848 488 44 224 846 600 
Out: 299 569 327 104 
646: 
In: 726 89 564 584 372 
Out: 284 156 368 398 422 540 708 426 
647: 
In: 837 825 
Out: 626 950 759 154 
648: 
In: 166 417 891 
Out: 700 382 378 71 
649: 
In: 880 412 997 326 820 
Out: 804 357 653 624 999 
650: 
In: 54 561 889 286 723 916 
Out: 763 884 492 2 420 453 241 360 567 947 
651: 
In: 892 529 752 958 308 51 183 275 632 
Out: 299 136 357 
652: 
In: 63 298 379 370 494 450 70 593 748 346 879 227 906 815 242 16 
Out: 910 555 988 
653: 
In: 368 842 236 649 31 272 683 
Out: 457 76 357 866 245 491 
654: 
In: 135 345 
Out: 977 395 185 790 899 
655: 
In: 463 575 256 162 141 346 
Out: 43 242 546 586 661 
656: 
In: 232 331 193 221 82 25 458 806 452 
Out: 490 10 195 
657: 
In: 893 959 118 870 310 
Out: 347 164 682 182 690 589 
658: 
In: 686 582 
Out: 368 71 31 67 347 474 227 425 512 204 24 459 
659: 
In: 754 70 833 503 463 710 368 557 332 
Out: 385 10 
660: 
In: 
Out: 209 838 741 535 616 964 246 
661: 
In: 903 581 449 177 294 655 
Out: 639 11 576 
662: 
In: 443 419 901 570 429 81 416 483 40 322 681 
Out: 909 18 66 373 551 745 
663: 
In: 291 752 
Out: 377 464 30 999 462 962 759 
664: 
In: 895 496 133 135 800 
Out: 244 492 603 195 950 339 94 97 276 28 975 
665: 
In: 800 432 232 174 384 799 565 108 
Out: 909 199 126 24 816 
666: 
In: 254 870 452 337 481 591 549 
Out: 362 746 624 435 841 304 
667: 
In: 762 568 286 170 203 795 
Out: 211 49 832 
668: 
In: 967 
Out: 85 605 598 165 872 
669: 
In: 324 450 731 52 404 262 113 985 997 132 810 685 
Out: 885 803 409 372 147 
670: 
In: 454 445 207 81 572 
Out: 119 860 201 996 437 420 228 360 72 
671: 
In: 54 920 916 495 976 415 
Out: 226 163 867 354 
672: 
In: 566 984 309 91 288 584 81 310 581 693 207 306 
Out: 910 61 558 
673: 
In: 844 838 677 570 415 618 193 384 
Out: 551 240 457 327 
674: 
In: 401 260 405 
Out: 896 289 342 627 177 961 701 
675: 
In: 295 
Out: 963 863 882 753 740 167 504 450 230 344 982 244 40 619 
676: 
In: 
Out: 212 829 298 308 962 690 378 351 110 255 
677: 
In: 685 408 
Out: 486 673 242 280 590 724 
678: 
In: 917 132 318 
Out: 902 955 384 16 2 393 613 281 
679: 
In: 445 
Out: 740 7 27 883 885 281 78 760 521 951 368 501 279 597 551 
680: 
In: 
Out: 839 681 622 597 752 969 569 704 
681: 
In: 449 680 820 908 731 138 
Out: 776 284 486 884 32 230 662 611 803 
682: 
In: 452 431 657 231 266 483 953 
Out: 719 853 130 460 576 228 
683: 
In: 522 
Out: 46 733 730 283 705 940 505 907 653 32 
684: 
In: 
Out: 475 110 859 11 866 357 927 
685: 
In: 809 
Out: 258 737 213 644 950 489 925 968 623 539 677 669 
686: 
In: 
Out: 955 658 519 762 515 954 255 388 963 724 296 592 133 931 335 710 77 
687: 
In: 237 942 86 410 
Out: 511 747 360 781 721 693 163 336 396 
688: 
In: 77 170 
Out: 245 223 553 116 219 508 207 483 550 724 
689: 
In: 636 452 326 641 776 727 496 147 984 245 827 758 856 
Out: 850 617 
690: 
In: 541 102 261 760 676 750 570 657 849 215 126 577 
Out: 527 960 533 
691: 
In: 699 3 423 244 748 440 190 146 403 974 496 424 828 
Out: 527 320 543 7 
692: 
In: 607 566 3 632 501 923 
Out: 537 6 556 201 840 
693: 
In: 994 564 687 942 
Out: 500 534 72 672 341 
694: 
In: 505 432 303 893 
Out: 980 93 705 198 610 
695: 
In: 177 883 874 235 162 
Out: 622 422 966 
696: 
In: 227 277 455 480 433 316 715 
Out: 973 542 436 833 
697: 
In: 996 741 52 156 517 426 483 454 568 813 594 481 375 
Out: 587 24 
698: 
In: 149 404 911 864 886 
Out: 929 827 979 811 762 884 
699: 
In: 879 90 
Out: 341 691 289 983 528 569 189 527 429 388 892 977 66 
700: 
In: 644 228 384 648 436 754 574 197 615 145 979 
Out: 385 314 209 
701: 
In: 608 44 454 606 286 414 566 119 427 674 
Out: 978 
702: 
In: 44 303 
Out: 834 963 929 453 
703: 
In: 401 324 604 
Out: 228 201 491 553 514 920 707 
704: 
In: 949 749 809 124 122 680 
Out: 555 280 786 622 
705: 
In: 497 877 495 246 402 755 683 694 625 
Out: 987 966 426 988 
706: 
In: 225 1 517 255 287 721 584 237 847 488 515 811 860 67 906 
Out: 583 314 
707: 
In: 943 992 62 766 634 946 347 987 538 507 257 970 151 703 
Out: 274 71 
708: 
In: 629 333 390 554 817 167 646 875 344 
Out: 173 553 759 995 
709: 
In: 815 402 757 
Out: 909 822 336 67 49 913 803 
710: 
In: 794 953 218 235 849 1 275 150 472 686 776 65 
Out: 589 912 659 960 
711: 
In: 944 319 629 287 52 
Out: 512 366 580 971 885 313 787 208 478 
712: 
In: 549 244 325 981 625 519 215 107 266 503 754 994 
Out: 427 508 195 471 
713: 
In: 455 230 932 61 800 181 310 121 64 100 478 94 
Out: 803 
714: 
In: 443 143 619 353 566 247 
Out: 255 974 456 241 977 208 907 715 583 398 
715: 
In: 541 129 141 714 573 217 429 768 
Out: 43 734 467 612 563 978 760 696 
716: 
In: 400 635 138 275 266 505 412 
Out: 313 127 523 41 909 
717: 
In: 455 
Out: 176 185 733 949 
718: 
In: 949 845 
Out: 484 456 72 23 
719: 
In: 825 519 682 629 451 407 298 399 64 315 
Out: 918 73 563 763 948 24 209 
720: 
In: 635 819 807 130 482 331 23 69 364 788 833 120 5 425 489 
Out: 71 
721: 
In: 591 847 638 1 687 323 480 272 902 893 244 17 
Out: 950 706 922 
722: 
In: 944 447 441 
Out: 907 173 920 885 395 370 869 
723: 
In: 
Out: 272 942 787 623 795 650 281 755 449 71 885 506 
724: 
In: 891 129 249 436 30 686 96 530 221 620 90 635 677 851 688 
Out: 248 187 728 586 213 759 378 811 
725: 
In: 190 172 956 
Out: 291 985 910 99 75 729 976 490 857 357 
726: 
In: 
Out: 535 843 248 646 436 446 800 844 613 841 893 
727: 
In: 
Out: 603 940 89 456 968 689 4 117 
728: 
In: 388 811 235 724 734 324 889 442 465 439 342 766 507 172 
Out: 803 71 
729: 
In: 725 
Out: 69 474 743 775 976 852 771 757 126 
730: 
In: 572 38 971 683 630 459 197 
Out: 368 745 
731: 
In: 
Out: 22 669 892 826 681 758 624 745 846 
732: 
In: 287 233 319 243 
Out: 111 577 996 392 244 433 517 
733: 
In: 45 683 717 358 30 631 846 430 115 
Out: 68 73 299 230 866 739 168 
734: 
In: 578 715 640 620 488 
Out: 504 728 592 280 558 
735: 
In: 572 243 169 792 443 571 
Out: 16 804 407 500 835 536 422 83 223 237 906 
736: 
In: 30 190 218 
Out: 425 398 289 213 525 
737: 
In: 901 685 319 743 802 750 902 
Out: 60 
738: 
In: 762 887 900 980 755 
Out: 248 873 
739: 
In: 181 601 51 884 565 315 771 764 492 297 733 965 67 27 401 
Out: 814 
740: 
In: 932 679 418 675 149 310 297 108 
Out: 276 776 76 13 853 881 833 47 
741: 
In: 631 660 574 466 882 
Out: 697 642 
742: 
In: 403 984 828 780 
Out: 407 845 510 385 75 253 390 
743: 
In: 578 112 162 729 554 303 216 
Out: 457 520 737 498 22 
744: 
In: 307 196 874 388 999 
Out: 82 516 569 76 12 
745: 
In: 823 352 18 817 112 993 182 231 537 558 132 521 731 806 50 127 662 730 
Out: 576 
746: 
In: 828 666 560 384 574 969 949 753 
Out: 220 67 280 
747: 
In: 414 687 809 
Out: 918 104 998 306 313 
748: 
In: 848 871 482 
Out: 278 652 852 691 627 8 853 
749: 
In: 176 311 791 455 403 
Out: 570 240 704 60 484 91 563 
750: 
In: 394 796 851 52 544 252 
Out: 814 852 690 966 737 
751: 
In: 888 438 804 461 298 276 398 576 535 
Out: 336 
752: 
In: 820 54 680 886 602 502 417 
Out: 611 468 651 663 925 509 
753: 
In: 789 675 344 
Out: 429 364 47 952 626 980 136 746 
754: 
In: 848 935 139 
Out: 16 24 659 784 479 700 595 82 192 712 
755: 
In: 35 723 
Out: 796 287 448 127 306 469 626 705 100 938 627 738 271 869 
756: 
In: 835 949 
Out: 884 510 356 381 347 
757: 
In: 318 190 397 359 432 876 729 944 597 
Out: 521 969 869 45 177 533 709 
758: 
In: 409 861 549 932 774 202 110 731 52 45 
Out: 784 498 49 689 
759: 
In: 935 52 884 957 724 102 708 140 242 647 663 
Out: 179 819 299 
760: 
In: 135 54 845 98 781 359 857 891 679 215 715 
Out: 314 539 61 690 859 793 47 
761: 
In: 
Out: 623 63 258 513 560 470 811 
762: 
In: 140 91 686 698 184 326 
Out: 341 667 738 45 913 22 569 28 335 
763: 
In: 650 499 198 265 487 719 853 22 476 228 545 506 
Out: 803 314 
764: 
In: 842 596 997 896 386 183 256 35 344 
Out: 75 739 335 60 
765: 
In: 782 
Out: 803 92 822 960 563 516 779 547 
766: 
In: 115 
Out: 630 896 70 707 772 18 63 728 336 
767: 
In: 607 
Out: 202 774 327 962 584 150 881 824 55 
768: 
In: 
Out: 244 130 715 
769: 
In: 916 771 197 176 455 
Out: 314 878 501 514 
770: 
In: 791 26 608 375 325 817 
Out: 451 307 974 81 211 284 
771: 
In: 825 176 729 
Out: 205 769 739 370 334 
772: 
In: 345 766 
Out: 884 847 540 
773: 
In: 512 480 577 80 795 
Out: 921 852 
774: 
In: 254 767 145 619 979 279 502 
Out: 198 758 439 
775: 
In: 564 882 198 790 17 916 582 895 315 729 853 220 811 521 14 
Out: 341 
776: 
In: 681 740 480 17 640 129 882 609 166 
Out: 201 204 918 689 860 489 710 
777: 
In: 447 333 493 116 386 846 414 246 325 133 
Out: 127 822 50 191 898 517 796 
778: 
In: 883 934 37 953 
Out: 34 958 833 538 
779: 
In: 970 298 640 300 765 520 373 152 455 
Out: 173 546 
780: 
In: 
Out: 872 874 947 742 214 88 803 492 
781: 
In: 260 687 358 0 863 
Out: 760 102 808 179 975 
782: 
In: 
Out: 154 456 53 469 295 162 511 765 798 244 888 536 139 
783: 
In: 445 
Out: 99 812 132 263 908 575 
784: 
In: 413 758 754 146 148 430 585 154 7 204 3 457 974 563 377 392 
Out: 586 
785: 
In: 933 844 432 532 170 
Out: 794 594 239 355 306 862 296 928 
786: 
In: 421 441 282 704 123 370 
Out: 7 
787: 
In: 723 182 882 528 259 316 711 359 841 355 533 897 251 150 840 817 
Out: 385 580 
788: 
In: 112 877 797 854 309 
Out: 385 824 720 363 
789: 
In: 418 159 324 823 
Out: 753 360 382 284 427 57 467 219 94 
790: 
In: 510 351 399 792 349 654 961 21 303 
Out: 580 775 97 458 
791: 
In: 879 
Out: 870 770 22 820 749 575 4 
792: 
In: 844 
Out: 377 234 96 444 370 790 282 39 281 379 957 735 191 228 964 
793: 
In: 994 478 496 996 90 760 562 362 842 33 
Out: 389 274 
794: 
In: 785 432 857 515 143 905 366 926 510 945 397 388 297 86 292 285 282 442 980 
Out: 710 555 82 456 536 605 840 
795: 
In: 994 723 252 275 529 985 268 316 
Out: 667 978 773 
796: 
In: 755 52 358 582 777 181 
Out: 127 314 750 436 161 527 360 909 
797: 
In: 597 923 817 400 92 
Out: 788 195 267 
798: 
In: 871 799 247 782 400 593 
Out: 75 885 377 800 864 642 595 89 93 
799: 
In: 
Out: 185 165 458 293 798 512 560 551 665 242 
800: 
In: 132 277 798 726 170 620 
Out: 233 665 968 111 234 616 125 713 982 398 664 
801: 
In: 831 172 
Out: 600 351 386 562 459 504 869 91 575 955 
802: 
In: 
Out: 61 2 58 103 572 942 49 737 230 284 342 
803: 
In: 765 142 253 763 245 915 728 260 669 206 780 713 335 500 709 681 
Out: 468 
804: 
In: 431 649 163 735 848 946 147 404 
Out: 751 257 500 
805: 
In: 113 279 176 
Out: 27 294 812 470 
806: 
In: 239 271 895 322 146 550 561 
Out: 15 516 745 952 656 
807: 
In: 591 
Out: 720 30 205 381 575 376 406 
808: 
In: 494 193 615 123 781 939 
Out: 556 356 866 24 
809: 
In: 349 184 105 
Out: 17 842 344 890 25 704 685 747 339 373 147 440 627 276 
810: 
In: 285 
Out: 868 72 377 547 928 237 669 
811: 
In: 212 243 698 901 39 90 253 286 724 550 761 
Out: 921 248 728 706 563 775 
812: 
In: 783 21 168 150 984 578 479 805 508 163 438 976 339 857 
Out: 829 355 978 
813: 
In: 235 856 601 311 0 568 942 258 
Out: 74 276 179 697 952 937 
814: 
In: 632 203 750 125 330 51 6 275 399 187 739 304 128 
Out: 336 435 
815: 
In: 
Out: 621 888 212 478 550 611 413 5 709 334 652 57 
816: 
In: 993 17 128 618 365 665 
Out: 248 329 198 22 551 
817: 
In: 
Out: 233 745 258 960 91 708 797 25 770 787 
818: 
In: 400 284 216 878 155 346 264 564 432 540 584 930 
Out: 617 
819: 
In: 931 956 606 565 759 836 571 569 426 444 376 
Out: 720 336 74 
820: 
In: 494 196 184 791 
Out: 360 909 752 681 497 496 146 640 83 103 631 971 617 514 603 649 
821: 
In: 0 413 638 901 105 431 549 938 823 
Out: 983 163 222 
822: 
In: 427 777 765 254 166 417 68 709 182 1 270 498 26 
Out: 546 468 576 617 
823: 
In: 
Out: 745 475 435 959 521 427 266 202 850 821 58 789 
824: 
In: 134 839 81 238 788 232 767 
Out: 74 320 491 587 117 11 
825: 
In: 
Out: 858 719 373 393 233 617 771 123 647 250 577 375 340 
826: 
In: 731 77 
Out: 481 880 921 315 617 177 18 
827: 
In: 698 979 372 938 36 860 
Out: 257 689 446 
828: 
In: 0 108 310 
Out: 746 742 74 859 130 691 
829: 
In: 812 16 676 324 625 129 402 541 78 993 
Out: 208 562 
830: 
In: 582 326 
Out: 61 931 509 874 104 567 462 
831: 
In: 932 
Out: 801 605 93 132 485 518 477 
832: 
In: 106 961 129 884 547 667 444 936 
Out: 910 354 
833: 
In: 360 554 250 513 564 302 140 916 941 431 740 778 238 696 
Out: 659 377 720 610 
834: 
In: 702 262 
Out: 209 507 370 
835: 
In: 318 735 488 269 
Out: 586 756 399 
836: 
In: 480 128 39 
Out: 436 187 179 859 819 202 
837: 
In: 353 544 
Out: 39 456 642 647 73 516 278 449 
838: 
In: 660 877 532 
Out: 622 912 673 891 337 42 
839: 
In: 680 303 
Out: 451 456 824 439 308 611 381 44 529 
840: 
In: 510 581 794 692 87 
Out: 150 204 274 904 966 142 787 
841: 
In: 356 161 325 631 629 380 26 350 330 726 666 168 
Out: 74 787 
842: 
In: 809 113 447 146 388 81 
Out: 85 764 653 119 581 261 793 
843: 
In: 414 726 364 382 948 846 340 449 249 218 524 10 7 457 484 847 
Out: 329 
844: 
In: 275 726 
Out: 107 673 785 273 184 792 416 854 979 235 904 
845: 
In: 325 379 742 321 423 144 
Out: 595 357 760 988 32 428 332 973 718 
846: 
In: 511 637 38 731 
Out: 238 777 370 843 645 733 
847: 
In: 481 228 196 772 
Out: 721 706 843 
848: 
In: 359 260 985 
Out: 283 111 645 748 804 754 416 89 435 
849: 
In: 
Out: 270 557 358 864 908 710 616 345 290 535 690 216 
850: 
In: 635 165 621 483 598 408 689 823 186 980 
Out: 377 562 
851: 
In: 596 887 
Out: 921 223 866 60 22 750 66 365 893 204 155 724 
852: 
In: 990 134 750 41 974 748 729 437 905 315 773 
Out: 57 74 978 
853: 
In: 937 46 740 350 682 340 632 322 948 157 748 599 
Out: 10 763 590 142 775 306 
854: 
In: 844 295 
Out: 350 518 788 918 259 
855: 
In: 877 940 247 494 44 955 
Out: 308 631 276 384 365 
856: 
In: 
Out: 813 490 862 689 
857: 
In: 138 725 502 
Out: 794 103 760 352 812 
858: 
In: 825 484 880 417 946 980 212 309 104 872 
Out: 952 
859: 
In: 933 981 105 315 431 684 406 836 427 467 548 760 828 19 20 
Out: 524 
860: 
In: 670 18 210 366 916 871 367 776 927 450 
Out: 484 867 827 82 706 509 
861: 
In: 9 96 455 985 33 345 480 930 149 
Out: 758 300 51 259 556 615 305 68 
862: 
In: 5 403 785 934 985 856 431 
Out: 456 61 10 527 976 613 29 579 
863: 
In: 375 675 901 559 
Out: 273 549 993 208 781 520 
864: 
In: 908 849 557 798 80 
Out: 698 962 228 521 68 
865: 
In: 911 193 401 399 633 303 508 210 554 153 
Out: 329 
866: 
In: 285 264 367 352 259 851 968 733 684 483 808 653 594 72 154 934 
Out: 389 
867: 
In: 148 860 512 392 442 671 575 301 96 
Out: 603 
868: 
In: 157 620 810 363 964 99 370 33 200 437 996 
Out: 641 82 
869: 
In: 493 757 614 801 620 247 722 755 
Out: 171 929 978 50 525 
870: 
In: 791 410 408 
Out: 78 177 666 302 924 657 
871: 
In: 
Out: 958 798 623 860 748 91 882 409 24 527 
872: 
In: 780 4 606 518 21 381 668 
Out: 50 198 858 
873: 
In: 940 89 153 328 138 738 101 
Out: 524 289 
874: 
In: 780 830 572 
Out: 195 628 294 744 695 280 272 74 
875: 
In: 143 
Out: 961 913 457 536 572 54 335 628 517 239 254 156 284 708 69 
876: 
In: 
Out: 161 757 342 306 441 884 
877: 
In: 923 
Out: 554 855 705 788 838 942 539 
878: 
In: 255 570 182 769 565 594 317 
Out: 490 104 818 280 
879: 
In: 400 77 
Out: 628 271 352 530 253 699 36 791 291 652 226 
880: 
In: 985 557 826 
Out: 649 858 245 921 439 281 966 613 496 
881: 
In: 902 448 26 936 566 421 740 767 162 
Out: 592 97 617 
882: 
In: 675 883 108 170 871 
Out: 615 775 562 91 426 622 787 741 605 776 920 
883: 
In: 679 
Out: 882 159 607 695 778 158 239 407 930 
884: 
In: 756 772 650 26 681 986 568 445 200 698 876 
Out: 759 739 906 832 57 
885: 
In: 401 798 669 679 722 290 711 892 162 723 642 539 615 228 
Out: 11 
886: 
In: 
Out: 78 631 752 440 698 
887: 
In: 52 297 324 953 593 
Out: 49 512 335 370 210 154 738 851 173 575 312 
888: 
In: 146 815 782 322 
Out: 751 302 120 997 927 577 918 49 393 
889: 
In: 945 935 
Out: 379 311 979 650 561 728 999 905 298 
890: 
In: 973 89 593 809 498 31 145 205 342 169 
Out: 921 962 
891: 
In: 838 3 
Out: 46 724 155 91 346 274 560 760 648 451 206 
892: 
In: 84 77 731 418 141 135 699 981 633 946 
Out: 651 546 960 885 185 586 74 56 
893: 
In: 997 116 46 413 851 461 726 
Out: 657 511 694 721 205 
894: 
In: 172 321 938 984 
Out: 53 340 434 639 
895: 
In: 616 188 224 
Out: 806 6 775 521 664 300 436 126 
896: 
In: 233 475 766 578 674 55 13 
Out: 764 910 126 
897: 
In: 5 202 407 12 947 305 35 
Out: 921 187 787 
898: 
In: 533 920 143 149 174 231 777 186 537 551 347 
Out: 580 
899: 
In: 541 96 287 578 654 
Out: 546 524 420 996 539 
900: 
In: 
Out: 950 51 903 331 738 369 140 
901: 
In: 178 
Out: 737 662 995 980 821 248 863 596 811 968 605 930 
902: 
In: 678 310 930 113 
Out: 881 463 291 721 622 737 
903: 
In: 900 933 80 
Out: 661 237 633 547 626 442 
904: 
In: 141 371 207 339 840 844 
Out: 641 517 78 
905: 
In: 502 889 
Out: 552 433 921 462 907 794 479 6 852 526 962 
906: 
In: 967 122 37 322 625 884 735 
Out: 552 652 706 
907: 
In: 722 905 406 325 714 683 985 
Out: 540 234 293 
908: 
In: 849 564 604 482 783 454 
Out: 641 587 864 681 568 990 291 7 
909: 
In: 662 497 462 820 106 709 665 442 177 282 541 536 631 509 514 19 796 716 
Out: 642 222 142 276 
910: 
In: 832 672 652 977 304 60 725 87 896 536 962 110 983 464 960 943 
Out: 389 500 
911: 
In: 268 269 455 
Out: 936 865 558 698 13 207 550 312 
912: 
In: 417 838 557 197 566 974 710 54 503 579 
Out: 626 470 
913: 
In: 642 875 464 413 233 302 313 264 254 539 439 174 762 999 709 399 422 199 420 
Out: 61 
914: 
In: 1 454 493 
Out: 256 71 558 389 72 58 284 422 
915: 
In: 295 108 971 165 308 601 236 
Out: 71 63 803 226 240 491 
916: 
In: 414 637 981 
Out: 14 271 769 671 860 775 650 833 309 187 517 
917: 
In: 
Out: 492 238 435 332 678 447 95 477 
918: 
In: 613 108 374 747 719 175 776 179 625 854 304 888 532 
Out: 611 357 276 60 
919: 
In: 
Out: 995 987 299 540 240 555 1 622 279 339 
920: 
In: 629 722 568 638 90 325 169 521 703 882 
Out: 671 898 978 457 543 182 627 179 
921: 
In: 264 811 950 773 851 905 897 880 214 826 890 157 503 148 261 
Out: 491 398 
922: 
In: 174 28 519 571 506 721 
Out: 50 
923: 
In: 
Out: 518 971 797 459 595 514 449 302 692 877 
924: 
In: 480 532 30 88 568 116 870 
Out: 611 230 186 67 
925: 
In: 193 593 176 685 934 752 
Out: 251 173 117 552 623 641 241 969 
926: 
In: 
Out: 73 978 794 50 166 273 370 
927: 
In: 934 361 888 298 971 684 
Out: 439 525 338 860 340 
928: 
In: 390 107 269 810 785 
Out: 67 130 
929: 
In: 698 869 358 159 503 702 947 
Out: 987 621 12 248 592 
930: 
In: 149 268 901 883 
Out: 270 562 902 329 966 538 535 861 818 
931: 
In: 830 440 550 579 570 686 362 
Out: 819 171 581 
932: 
In: 318 994 531 
Out: 740 974 758 510 622 204 58 713 448 831 92 
933: 
In: 
Out: 785 859 55 548 280 339 903 128 959 312 298 622 504 
934: 
In: 
Out: 530 150 927 955 578 280 862 778 925 152 866 
935: 
In: 
Out: 203 759 534 153 754 308 958 309 194 889 
936: 
In: 911 108 
Out: 21 631 881 952 257 832 
937: 
In: 140 441 284 128 43 813 
Out: 526 853 22 93 470 
938: 
In: 755 
Out: 464 202 297 354 827 894 821 457 
939: 
In: 383 
Out: 29 21 517 500 808 
940: 
In: 727 683 416 206 367 388 
Out: 6 873 855 988 958 
941: 
In: 235 
Out: 536 377 987 833 378 
942: 
In: 559 723 877 802 
Out: 257 23 278 813 687 693 126 
943: 
In: 423 483 64 627 493 158 139 
Out: 24 707 546 335 910 
944: 
In: 461 291 
Out: 722 407 711 294 537 757 360 402 
945: 
In: 
Out: 970 578 889 488 134 794 87 482 479 
946: 
In: 411 
Out: 358 453 804 707 858 516 199 171 970 892 
947: 
In: 84 780 650 
Out: 327 347 174 341 897 929 440 27 995 
948: 
In: 381 317 360 52 34 246 719 480 384 298 6 
Out: 47 377 843 500 853 
949: 
In: 544 636 246 717 
Out: 392 704 718 603 130 182 746 756 
950: 
In: 444 160 900 156 338 721 664 35 685 557 972 647 568 466 441 
Out: 921 491 385 547 
951: 
In: 44 0 679 91 
Out: 130 590 305 284 
952: 
In: 642 998 753 637 11 936 806 813 71 435 858 610 562 31 
Out: 555 
953: 
In: 599 515 
Out: 710 475 41 86 236 550 36 887 397 778 504 682 
954: 
In: 686 
Out: 569 523 499 85 556 641 261 284 
955: 
In: 686 678 353 934 286 418 367 298 393 801 
Out: 517 257 498 855 74 
956: 
In: 269 
Out: 248 819 219 191 184 27 725 
957: 
In: 544 792 
Out: 484 370 759 427 429 468 393 984 127 185 
958: 
In: 871 935 609 778 940 
Out: 589 484 240 651 228 534 104 
959: 
In: 112 110 933 823 172 
Out: 971 547 657 
960: 
In: 469 765 532 892 817 52 494 994 690 356 710 202 
Out: 910 
961: 
In: 875 283 200 37 674 
Out: 832 603 179 790 
962: 
In: 308 115 538 864 767 334 980 276 434 676 663 292 890 640 905 
Out: 555 910 187 
963: 
In: 675 686 702 107 221 
Out: 82 
964: 
In: 461 170 190 232 660 423 614 792 
Out: 468 643 868 500 348 463 
965: 
In: 
Out: 334 517 739 979 
966: 
In: 705 40 65 930 310 193 880 750 840 515 278 205 695 574 
Out: 73 49 7 
967: 
In: 494 9 303 
Out: 906 255 432 60 668 42 25 49 308 523 53 4 
968: 
In: 87 92 800 901 727 685 974 406 58 
Out: 866 999 273 
969: 
In: 110 411 409 199 591 757 680 178 566 925 
Out: 746 476 540 
970: 
In: 493 945 283 448 641 406 233 58 400 946 
Out: 779 376 707 
971: 
In: 96 923 404 711 959 820 146 
Out: 590 975 389 622 489 257 915 730 24 537 567 78 927 
972: 
In: 307 44 598 513 
Out: 446 950 151 220 
973: 
In: 696 278 328 845 309 132 193 307 62 216 
Out: 890 587 222 151 539 
974: 
In: 932 714 632 770 178 342 
Out: 912 242 852 611 32 784 691 500 270 125 968 
975: 
In: 971 371 548 781 664 487 
Out: 419 357 
976: 
In: 862 725 729 513 110 309 423 
Out: 567 156 270 671 43 491 812 
977: 
In: 606 178 654 331 207 714 445 699 985 
Out: 910 993 516 292 464 71 195 990 
978: 
In: 148 926 920 869 204 288 411 113 311 715 795 362 852 701 276 812 514 70 
Out: 377 
979: 
In: 634 698 331 889 190 96 844 84 232 37 965 
Out: 329 570 827 527 774 536 700 
980: 
In: 694 901 247 753 431 52 
Out: 962 72 858 738 31 850 794 
981: 
In: 
Out: 859 370 184 603 712 573 916 892 69 99 
982: 
In: 411 86 330 315 4 675 800 532 
Out: 2 484 534 524 117 
983: 
In: 226 821 13 699 399 572 338 536 416 
Out: 78 71 910 192 
984: 
In: 957 
Out: 672 543 742 812 378 894 449 689 148 379 
985: 
In: 725 
Out: 10 880 267 861 848 86 641 669 862 977 795 907 369 
986: 
In: 
Out: 439 995 521 884 577 565 426 
987: 
In: 929 705 919 48 191 941 503 120 638 538 
Out: 707 520 
988: 
In: 298 469 83 845 233 543 940 216 290 510 496 627 612 652 131 705 
Out: 398 524 
989: 
In: 317 193 
Out: 256 98 990 526 528 259 281 126 335 
990: 
In: 989 81 375 255 298 908 977 447 
Out: 203 852 476 
991: 
In: 353 
Out: 579 294 38 619 497 638 
992: 
In: 527 
Out: 707 257 
993: 
In: 218 303 977 254 573 640 863 461 
Out: 816 490 745 18 829 
994: 
In: 
Out: 76 793 693 795 960 932 368 537 712 
995: 
In: 570 901 143 919 430 986 242 45 708 947 591 
Out: 341 60 
996: 
In: 507 732 670 899 62 346 606 
Out: 697 419 57 299 306 793 868 
997: 
In: 403 888 604 
Out: 764 893 356 669 16 649 542 
998: 
In: 506 45 368 747 597 607 197 508 394 
Out: 952 85 551 72 
999: 
In: 548 968 663 889 42 616 649 
Out: 913 744 


