150 vertices, 1000 edges 
0: 
In: 133 31 77 89 98 143 102 117 66 57 
Out: 141 147 113 
1: 
In: 90 
Out: 35 62 123 27 23 97 94 83 80 48 141 71 73 66 100 86 
2: 
In: 
Out: 25 38 141 11 82 88 21 17 64 
3: 
In: 
Out: 132 96 99 122 36 73 145 92 143 84 32 97 115 91 
4: 
In: 39 50 57 44 77 66 
Out: 10 121 68 148 86 78 22 96 
5: 
In: 8 98 133 30 
Out: 49 43 89 33 64 96 
6: 
In: 42 82 99 
Out: 43 108 17 95 127 48 149 13 
7: 
In: 98 39 144 8 24 121 104 28 
Out: 120 18 46 48 33 63 86 
8: 
In: 88 47 44 
Out: 5 23 130 13 20 124 106 91 7 142 83 
9: 
In: 39 126 
Out: 119 104 63 107 32 87 102 
10: 
In: 42 4 130 78 
Out: 85 138 129 32 62 104 93 22 36 101 
11: 
In: 30 52 2 19 90 77 62 116 
Out: 46 114 23 84 27 145 37 86 139 
12: 
In: 105 66 19 69 52 140 97 135 15 85 81 
Out: 37 
13: 
In: 17 142 124 96 140 8 30 64 71 79 70 102 138 6 
Out: 60 46 127 38 
14: 
In: 103 118 135 110 92 28 117 
Out: 94 63 120 129 
15: 
In: 125 126 
Out: 102 49 38 91 12 29 142 81 
16: 
In: 19 68 62 96 118 76 57 60 72 100 25 
Out: 123 
17: 
In: 52 6 68 73 97 28 2 56 143 102 
Out: 13 23 124 120 136 18 
18: 
In: 98 7 145 91 62 74 106 27 87 17 
Out: 37 93 54 
19: 
In: 70 76 52 
Out: 16 23 11 12 123 85 79 124 
20: 
In: 119 8 100 35 77 97 44 99 
Out: 60 74 148 55 37 105 48 49 86 54 93 
21: 
In: 29 42 118 130 2 79 117 51 
Out: 129 124 40 120 
22: 
In: 68 70 118 119 4 10 
Out: 141 32 134 
23: 
In: 25 8 133 1 19 43 17 130 115 11 61 91 
Out: 147 129 36 
24: 
In: 39 25 98 70 
Out: 117 33 105 108 55 141 7 72 29 
25: 
In: 2 50 133 90 
Out: 23 36 48 112 104 67 139 24 109 16 136 122 52 
26: 
In: 72 128 41 102 90 149 136 110 
Out: 127 93 
27: 
In: 1 59 11 44 89 130 
Out: 147 48 38 18 106 84 
28: 
In: 
Out: 108 135 93 17 94 147 72 67 113 81 14 116 62 7 
29: 
In: 110 78 52 15 99 24 111 77 
Out: 93 21 46 96 48 74 105 101 142 
30: 
In: 
Out: 11 61 80 120 60 13 95 84 118 5 94 107 
31: 
In: 53 58 133 45 50 59 
Out: 124 120 0 49 106 46 
32: 
In: 34 45 132 9 10 149 3 90 122 22 141 82 77 143 137 86 
Out: 38 37 120 
33: 
In: 59 85 24 5 122 7 86 97 77 132 135 64 43 
Out: 38 36 
34: 
In: 82 99 115 
Out: 108 32 40 138 96 107 76 
35: 
In: 1 98 51 53 103 82 100 70 
Out: 148 120 94 119 122 20 106 105 
36: 
In: 80 124 79 25 111 3 48 56 94 57 65 10 33 106 23 49 122 71 45 
Out: 148 38 54 
37: 
In: 137 124 20 111 41 62 32 18 57 64 147 65 71 45 11 12 39 
Out: 67 
38: 
In: 45 2 149 32 122 33 27 81 85 53 15 44 70 36 117 86 145 13 
Out: 148 
39: 
In: 
Out: 9 87 4 7 24 107 54 63 70 129 147 37 
40: 
In: 34 71 111 81 78 53 109 21 82 
Out: 148 
41: 
In: 125 
Out: 26 37 145 111 128 49 
42: 
In: 
Out: 6 143 10 96 117 107 21 137 106 51 132 
43: 
In: 126 5 6 116 118 
Out: 23 108 135 141 33 
44: 
In: 
Out: 132 92 78 74 103 126 145 106 108 4 82 86 100 38 111 90 27 8 20 119 85 64 
45: 
In: 78 90 53 111 
Out: 38 145 32 31 127 37 117 138 36 
46: 
In: 11 29 62 7 13 149 144 31 
Out: 54 
47: 
In: 90 
Out: 54 93 88 149 120 134 8 124 64 
48: 
In: 58 20 85 27 7 25 29 143 1 6 99 52 79 115 135 92 149 121 
Out: 36 129 
49: 
In: 131 5 92 118 53 132 20 31 15 41 115 
Out: 107 36 
50: 
In: 
Out: 106 72 59 4 61 52 31 114 25 110 119 107 
51: 
In: 75 126 42 131 125 
Out: 35 87 83 145 105 134 21 
52: 
In: 57 50 100 25 
Out: 128 11 17 107 12 139 127 19 48 29 138 135 
53: 
In: 
Out: 136 35 75 49 66 125 132 31 38 139 40 45 131 63 
54: 
In: 101 104 47 82 39 20 109 87 140 62 36 46 18 
Out: 108 134 
55: 
In: 106 20 62 64 24 76 
Out: 145 123 101 
56: 
In: 
Out: 61 144 69 85 36 79 60 17 138 100 102 
57: 
In: 
Out: 117 144 87 85 52 116 4 36 124 37 16 145 97 108 0 91 
58: 
In: 
Out: 48 132 69 135 31 71 63 61 88 
59: 
In: 50 
Out: 33 27 87 31 
60: 
In: 133 20 70 91 13 30 138 69 106 56 117 73 72 
Out: 127 16 149 
61: 
In: 30 56 50 58 75 
Out: 83 129 23 146 142 138 124 84 
62: 
In: 1 10 75 28 
Out: 114 71 46 55 16 37 18 11 124 54 67 
63: 
In: 14 135 68 9 100 39 58 72 130 69 7 128 53 
Out: 107 127 
64: 
In: 98 5 47 2 44 
Out: 80 81 13 55 37 33 
65: 
In: 
Out: 115 67 148 100 136 75 36 37 70 135 
66: 
In: 53 1 
Out: 117 12 81 93 80 0 4 
67: 
In: 65 149 83 144 123 75 142 124 117 28 25 87 37 94 62 
Out: 108 
68: 
In: 4 
Out: 16 63 135 22 17 105 113 122 143 
69: 
In: 56 58 98 91 121 140 133 
Out: 128 12 141 138 60 63 127 
70: 
In: 126 39 65 
Out: 60 19 22 97 38 35 13 110 148 24 
71: 
In: 62 146 58 133 103 131 1 
Out: 40 139 13 37 36 
72: 
In: 50 126 28 76 82 24 146 103 
Out: 120 83 26 117 63 113 79 16 96 122 139 138 60 
73: 
In: 3 1 
Out: 138 121 17 109 60 
74: 
In: 20 85 97 44 135 98 91 29 
Out: 127 18 129 
75: 
In: 53 65 
Out: 51 132 116 122 67 78 143 62 100 76 117 61 
76: 
In: 75 34 
Out: 93 19 95 16 149 72 55 
77: 
In: 126 
Out: 137 97 113 0 142 11 149 4 79 20 32 33 29 
78: 
In: 44 4 75 133 
Out: 141 45 129 104 122 29 40 10 111 
79: 
In: 91 97 77 72 19 56 82 132 
Out: 135 36 86 127 105 123 148 48 124 13 21 102 
80: 
In: 30 64 131 1 66 140 124 
Out: 36 134 149 83 
81: 
In: 82 121 64 66 135 96 116 28 15 
Out: 40 38 106 12 
82: 
In: 2 44 
Out: 81 34 54 6 35 105 142 79 32 72 40 
83: 
In: 122 61 72 137 51 1 112 107 113 80 145 119 8 98 
Out: 127 67 134 
84: 
In: 126 98 30 109 11 3 130 27 61 
Out: 86 93 107 
85: 
In: 90 140 10 56 57 19 114 99 131 44 
Out: 33 74 135 48 124 38 147 12 141 
86: 
In: 79 84 4 20 115 44 11 7 142 100 1 
Out: 123 134 33 38 101 129 32 
87: 
In: 39 57 51 135 88 59 9 112 
Out: 54 67 18 120 
88: 
In: 47 2 58 
Out: 92 129 140 87 8 137 
89: 
In: 103 99 5 
Out: 139 124 0 113 27 128 107 
90: 
In: 44 
Out: 85 111 144 11 45 1 32 26 127 47 25 
91: 
In: 133 8 15 57 3 
Out: 79 60 102 120 18 127 135 74 69 124 23 105 
92: 
In: 88 44 3 118 
Out: 49 106 14 48 107 97 
93: 
In: 76 29 28 47 99 66 138 133 10 129 18 84 117 26 20 
Out: 108 148 134 
94: 
In: 14 35 1 115 119 28 30 95 
Out: 138 36 67 
95: 
In: 6 30 76 126 
Out: 123 94 
96: 
In: 3 42 102 29 131 72 34 130 5 4 
Out: 13 16 120 81 137 139 
97: 
In: 77 1 130 70 57 3 92 
Out: 74 79 17 12 20 33 127 
98: 
In: 
Out: 35 18 136 7 120 74 5 64 84 69 0 139 112 24 83 
99: 
In: 3 
Out: 89 107 145 93 85 34 48 6 20 29 136 
100: 
In: 65 44 75 1 56 
Out: 20 63 106 35 117 16 52 109 149 86 
101: 
In: 105 138 86 29 55 10 
Out: 54 148 136 
102: 
In: 15 91 79 9 56 
Out: 96 138 26 0 17 13 145 
103: 
In: 44 
Out: 124 89 14 130 35 125 71 72 
104: 
In: 9 78 126 25 10 
Out: 54 136 105 114 146 7 
105: 
In: 20 24 79 104 29 82 68 51 91 35 
Out: 101 12 135 147 129 
106: 
In: 50 44 92 81 100 31 8 42 35 125 27 
Out: 55 60 18 148 36 
107: 
In: 99 129 63 39 52 42 9 49 34 92 141 84 89 30 50 
Out: 83 
108: 
In: 28 54 34 6 93 24 43 44 129 126 57 134 148 67 
Out: 120 
109: 
In: 140 73 25 100 
Out: 124 84 54 40 137 
110: 
In: 133 50 125 70 
Out: 122 29 147 124 119 14 140 26 
111: 
In: 144 131 90 118 41 44 78 
Out: 121 37 36 40 45 29 
112: 
In: 25 98 
Out: 137 83 87 148 
113: 
In: 77 125 139 72 117 28 68 89 0 
Out: 136 83 
114: 
In: 62 11 104 50 130 
Out: 85 138 
115: 
In: 65 133 3 
Out: 129 120 94 86 23 123 48 34 49 
116: 
In: 75 57 28 
Out: 43 122 81 11 
117: 
In: 57 24 72 130 66 42 146 100 45 75 
Out: 138 113 67 0 38 21 14 93 60 
118: 
In: 30 
Out: 49 14 119 145 111 22 16 21 138 122 43 129 92 
119: 
In: 9 118 110 144 35 44 50 
Out: 20 124 127 94 148 22 83 
120: 
In: 7 72 35 127 14 31 30 91 115 96 98 135 47 17 108 32 129 147 123 87 21 
Out: 
121: 
In: 111 4 73 125 130 
Out: 81 69 7 48 
122: 
In: 110 131 78 3 116 75 132 35 118 72 25 68 
Out: 145 123 83 149 38 33 32 137 36 
123: 
In: 122 1 86 55 19 79 133 126 115 95 128 16 
Out: 67 141 120 
124: 
In: 103 109 31 89 21 110 119 85 8 17 57 132 62 79 91 61 47 133 19 
Out: 36 37 13 67 149 80 
125: 
In: 53 103 126 
Out: 140 41 113 121 15 106 110 51 
126: 
In: 44 
Out: 43 70 84 72 104 51 9 108 123 77 95 15 125 
127: 
In: 74 83 128 79 60 119 52 91 6 26 45 13 90 63 69 143 97 
Out: 120 134 
128: 
In: 52 69 130 133 41 89 
Out: 26 127 123 63 
129: 
In: 115 21 78 88 145 61 10 138 149 23 118 39 86 48 74 14 105 
Out: 107 108 134 93 120 
130: 
In: 8 103 
Out: 10 128 117 97 23 21 63 84 132 96 114 27 121 
131: 
In: 53 
Out: 49 122 111 80 96 85 71 51 149 
132: 
In: 3 44 58 53 75 130 42 
Out: 32 49 122 124 33 139 79 
133: 
In: 
Out: 60 23 143 0 128 91 31 110 5 123 71 93 115 124 78 25 69 
134: 
In: 86 80 47 129 146 51 54 93 127 83 22 
Out: 108 
135: 
In: 79 28 85 68 58 91 105 43 52 65 
Out: 63 87 14 74 120 139 81 12 145 48 33 
136: 
In: 53 98 113 104 65 17 25 101 99 
Out: 148 26 
137: 
In: 77 112 42 122 96 109 88 
Out: 37 83 32 
138: 
In: 73 94 10 102 117 118 69 34 61 52 56 72 45 114 
Out: 101 129 60 93 13 
139: 
In: 89 52 135 71 53 98 25 72 132 96 11 144 
Out: 113 145 
140: 
In: 125 88 110 
Out: 109 85 143 13 141 12 80 54 69 
141: 
In: 22 78 2 0 140 69 1 123 24 43 85 
Out: 32 107 
142: 
In: 77 61 82 8 15 29 
Out: 13 67 86 
143: 
In: 42 140 133 3 75 68 
Out: 48 0 149 17 32 127 
144: 
In: 57 56 90 
Out: 111 119 7 67 46 139 
145: 
In: 122 55 45 99 118 44 51 3 41 57 11 135 139 102 
Out: 129 18 38 83 
146: 
In: 61 104 
Out: 71 117 134 72 
147: 
In: 23 27 110 105 85 28 0 39 
Out: 37 120 
148: 
In: 20 101 65 35 4 36 79 119 70 106 93 136 40 38 112 
Out: 108 
149: 
In: 122 80 77 47 76 143 6 124 100 60 131 
Out: 38 67 129 46 32 26 48 


