200 vertices, 2000 edges 
0: 
In: 124 49 
Out: 131 152 66 60 115 162 55 138 148 82 47 71 180 135 127 37 120 159 
1: 
In: 130 47 185 88 87 91 109 180 196 
Out: 6 198 161 115 46 15 179 11 
2: 
In: 49 173 33 192 196 96 
Out: 149 107 160 7 103 145 58 175 141 85 42 102 
3: 
In: 97 100 173 154 129 114 122 
Out: 107 36 184 132 41 155 47 125 193 66 194 71 
4: 
In: 92 108 192 156 48 158 8 76 60 119 136 175 196 174 185 180 
Out: 59 44 7 64 16 85 82 
5: 
In: 166 114 48 136 197 100 
Out: 16 75 102 139 98 161 159 74 134 132 26 
6: 
In: 47 1 51 199 154 45 153 75 81 20 37 88 97 
Out: 72 188 162 179 17 139 
7: 
In: 197 62 2 157 154 115 4 195 60 156 68 173 65 165 32 59 42 74 51 
Out: 98 135 
8: 
In: 142 
Out: 119 197 175 108 44 107 12 190 176 4 153 56 168 145 84 140 76 45 46 164 
9: 
In: 
Out: 106 151 191 43 180 52 168 47 197 99 181 129 83 157 15 199 76 189 
10: 
In: 29 83 21 49 
Out: 59 140 92 158 141 162 82 68 191 170 50 20 
11: 
In: 176 155 94 37 21 110 23 62 130 129 167 27 63 93 24 149 31 1 
Out: 66 131 84 
12: 
In: 25 49 8 80 122 104 36 189 
Out: 20 17 43 181 46 
13: 
In: 114 172 121 124 
Out: 61 181 44 187 58 101 189 197 141 103 
14: 
In: 116 128 79 106 50 123 45 122 144 25 184 88 117 168 91 192 133 
Out: 84 
15: 
In: 68 81 154 124 177 90 102 97 138 48 88 126 176 117 1 9 144 111 105 163 109 65 
Out: 188 31 52 162 54 149 107 
16: 
In: 5 157 134 109 119 86 4 155 47 133 90 40 
Out: 57 112 17 
17: 
In: 119 22 42 76 146 12 157 21 77 158 125 19 115 167 140 193 80 37 6 181 16 148 143 
Out: 82 64 46 
18: 
In: 69 184 106 32 134 26 100 25 101 160 162 93 181 191 146 81 186 156 157 199 96 
Out: 52 66 127 55 
19: 
In: 68 22 40 115 47 60 174 56 101 41 33 146 53 
Out: 145 160 17 179 
20: 
In: 118 111 12 190 134 123 105 113 67 29 163 39 151 119 10 
Out: 149 58 6 64 162 
21: 
In: 30 121 
Out: 50 94 34 17 159 11 177 87 31 64 199 130 10 113 91 112 
22: 
In: 49 88 68 51 125 60 144 114 182 183 174 172 
Out: 17 54 19 140 131 46 93 191 
23: 
In: 40 114 180 177 123 156 189 92 153 100 
Out: 191 188 11 26 64 
24: 
In: 140 123 39 138 116 120 111 68 108 157 196 30 49 178 34 29 100 104 130 101 173 
Out: 131 44 55 139 145 150 11 84 
25: 
In: 147 113 182 168 111 30 99 158 114 104 41 
Out: 131 12 18 115 14 78 54 198 
26: 
In: 50 104 167 137 132 76 109 153 170 23 175 156 169 150 59 114 71 5 49 
Out: 78 18 52 82 127 
27: 
In: 138 88 53 124 61 142 163 36 94 113 108 45 
Out: 112 184 67 11 120 181 
28: 
In: 71 151 166 100 76 96 186 91 129 48 147 116 190 122 
Out: 89 175 120 141 159 140 161 55 84 157 112 
29: 
In: 100 121 33 109 48 96 
Out: 44 162 84 193 42 46 120 165 191 10 95 66 20 132 186 122 86 97 159 92 24 188 119 147 189 
30: 
In: 144 
Out: 21 95 73 126 70 131 25 111 151 24 83 94 141 153 174 60 162 
31: 
In: 140 154 37 176 21 15 104 87 108 161 48 125 116 58 115 
Out: 112 162 98 64 194 11 
32: 
In: 163 172 
Out: 55 94 18 177 180 38 131 185 86 87 69 92 66 116 53 113 7 130 
33: 
In: 
Out: 191 130 125 135 112 2 77 168 189 29 153 158 154 167 141 120 194 92 19 38 197 
34: 
In: 143 21 148 88 109 113 65 103 123 126 60 61 161 75 56 
Out: 127 46 24 42 187 
35: 
In: 125 83 51 173 39 71 133 99 192 76 
Out: 107 78 64 95 
36: 
In: 3 76 137 63 45 65 109 108 92 
Out: 199 167 27 143 179 170 43 73 85 12 184 119 107 
37: 
In: 174 65 182 68 76 138 60 106 111 103 0 113 41 151 
Out: 11 31 78 6 17 74 82 
38: 
In: 122 172 32 56 105 33 166 
Out: 69 139 98 191 179 59 128 150 84 
39: 
In: 110 109 121 76 60 49 61 172 117 138 
Out: 150 24 198 99 57 47 35 188 74 107 93 20 175 115 46 167 140 59 
40: 
In: 166 
Out: 23 191 71 19 155 195 188 161 160 58 82 63 81 145 16 
41: 
In: 123 105 3 186 196 118 124 48 
Out: 175 143 98 102 19 44 25 37 
42: 
In: 121 110 177 156 119 29 159 96 124 68 2 198 178 111 94 108 34 175 
Out: 17 85 135 7 
43: 
In: 184 9 12 87 47 93 55 143 49 36 53 190 140 181 
Out: 78 
44: 
In: 29 4 24 170 50 8 13 149 54 154 182 140 41 151 102 
Out: 85 164 70 46 
45: 
In: 71 91 124 83 136 106 144 105 8 
Out: 52 164 14 6 36 59 54 27 98 157 
46: 
In: 56 149 170 63 172 29 158 188 53 176 57 125 111 179 89 1 22 34 113 39 8 159 139 64 17 44 191 150 12 109 166 
Out: 52 
47: 
In: 118 147 154 113 176 39 9 3 122 0 65 106 
Out: 6 167 1 178 43 55 183 19 126 82 85 132 107 16 70 
48: 
In: 
Out: 55 85 81 88 51 67 15 60 4 109 145 5 71 41 29 31 28 181 92 
49: 
In: 114 144 142 174 172 100 
Out: 117 164 149 89 2 22 118 0 12 192 120 61 125 24 43 39 93 147 10 127 68 26 
50: 
In: 21 103 129 133 72 77 94 177 101 109 10 190 126 153 137 
Out: 26 149 44 141 14 55 69 131 184 54 57 127 
51: 
In: 134 104 138 48 117 152 71 
Out: 72 6 73 22 35 145 131 87 119 164 7 
52: 
In: 18 45 60 174 73 122 9 65 130 15 141 98 26 144 82 46 89 55 194 
Out: 
53: 
In: 96 32 182 
Out: 87 99 181 27 46 71 75 198 43 56 76 116 19 
54: 
In: 197 22 173 182 196 156 111 77 45 140 50 158 15 106 136 159 25 170 198 185 
Out: 82 162 44 57 84 171 
55: 
In: 32 168 108 153 48 123 111 47 0 50 138 24 75 96 99 199 172 161 28 87 195 178 18 
Out: 43 66 52 
56: 
In: 113 196 182 124 8 118 53 146 
Out: 84 46 73 180 170 79 38 168 120 19 103 58 95 183 90 34 70 
57: 
In: 193 111 125 59 136 39 16 99 126 182 198 138 156 54 132 50 81 145 176 154 
Out: 82 46 64 
58: 
In: 142 80 176 20 2 133 102 56 180 13 193 40 128 77 99 
Out: 160 171 70 162 31 
59: 
In: 4 133 10 128 93 182 113 154 109 45 148 97 86 63 38 102 144 79 39 
Out: 57 70 26 7 
60: 
In: 144 0 48 96 30 
Out: 184 52 183 98 70 19 7 22 39 4 34 37 123 107 88 
61: 
In: 13 146 49 
Out: 84 126 135 82 27 180 183 176 39 34 173 90 93 98 199 
62: 
In: 126 133 176 141 129 72 147 114 123 146 88 
Out: 89 7 78 11 162 191 
63: 
In: 124 105 80 40 
Out: 46 150 90 36 185 69 59 11 86 
64: 
In: 70 173 108 75 119 122 146 35 17 127 4 147 133 21 80 164 103 20 31 88 57 23 
Out: 46 
65: 
In: 
Out: 181 37 183 34 52 36 111 7 47 15 
66: 
In: 95 141 67 11 0 91 108 92 29 55 18 105 32 3 178 162 
Out: 135 139 85 
67: 
In: 92 27 94 48 117 77 136 73 
Out: 66 165 171 20 159 86 128 
68: 
In: 158 92 172 130 10 80 49 186 
Out: 15 198 19 169 159 22 24 115 157 7 37 42 188 184 86 
69: 
In: 71 38 124 79 177 75 169 92 32 50 149 63 196 87 83 182 
Out: 18 70 84 
70: 
In: 130 69 168 59 151 134 30 60 119 77 44 120 180 58 193 92 86 96 150 158 47 56 
Out: 64 84 78 
71: 
In: 40 174 53 146 48 185 108 190 0 172 3 
Out: 28 69 45 171 191 140 164 90 51 35 95 176 194 26 
72: 
In: 186 51 6 168 153 109 187 142 169 156 159 
Out: 50 89 62 164 
73: 
In: 96 173 77 192 176 56 113 30 51 105 154 36 123 
Out: 199 52 193 67 157 162 
74: 
In: 75 142 39 106 5 180 37 117 
Out: 85 78 7 
75: 
In: 5 76 144 53 168 156 130 138 
Out: 153 64 69 55 6 74 193 85 180 34 194 
76: 
In: 96 77 109 151 53 83 8 111 9 
Out: 178 81 17 135 36 75 141 39 170 103 176 188 28 148 26 4 37 35 
77: 
In: 144 121 108 33 
Out: 73 76 148 17 88 70 54 177 67 198 50 171 184 143 157 58 126 
78: 
In: 81 26 177 186 35 138 109 152 191 37 193 131 62 74 94 25 174 43 164 85 127 70 136 108 
Out: 82 
79: 
In: 128 106 133 183 177 56 142 161 143 134 93 
Out: 69 14 181 164 59 
80: 
In: 154 105 124 114 196 
Out: 58 187 12 64 17 63 181 158 140 191 68 190 149 138 
81: 
In: 76 136 48 99 129 192 190 143 40 133 
Out: 78 15 90 170 95 139 181 195 6 18 86 57 171 
82: 
In: 116 163 189 130 57 17 54 108 121 61 141 47 0 105 10 178 40 87 187 26 78 135 155 4 37 
Out: 52 
83: 
In: 30 9 
Out: 155 173 35 105 191 129 148 45 10 176 125 180 120 179 76 156 69 168 
84: 
In: 56 29 61 139 196 120 8 166 191 104 94 54 70 178 28 112 14 69 11 24 38 
Out: 89 
85: 
In: 152 109 42 160 44 158 143 121 48 178 125 74 97 142 2 47 75 36 144 4 159 86 66 141 140 130 
Out: 78 
86: 
In: 178 192 123 87 32 186 133 29 180 88 67 81 158 68 63 
Out: 95 59 191 70 16 141 85 145 
87: 
In: 53 138 166 21 32 51 110 192 169 103 
Out: 149 150 43 198 86 1 55 82 31 157 194 69 126 
88: 
In: 118 48 77 110 169 91 109 60 114 
Out: 150 34 1 27 157 22 15 143 194 14 6 86 95 64 62 
89: 
In: 62 156 191 28 116 145 149 49 162 170 132 120 119 72 161 98 193 104 84 
Out: 46 52 
90: 
In: 159 81 63 176 71 133 196 56 61 189 199 177 
Out: 15 140 16 145 
91: 
In: 21 
Out: 134 45 66 107 191 28 130 88 1 14 104 176 
92: 
In: 192 10 136 32 174 29 33 94 48 
Out: 135 4 67 68 66 99 69 70 112 23 36 187 
93: 
In: 125 106 190 185 22 49 39 167 61 168 
Out: 59 43 18 181 11 79 
94: 
In: 32 21 129 30 
Out: 135 127 11 148 67 177 27 50 42 78 84 92 
95: 
In: 151 196 121 30 133 166 81 122 86 29 119 115 100 71 56 88 103 35 147 
Out: 66 150 135 171 155 
96: 
In: 163 
Out: 76 187 73 141 130 105 193 55 42 53 28 60 137 176 104 70 111 2 29 18 
97: 
In: 105 138 172 113 29 
Out: 148 3 15 149 183 85 59 6 152 165 
98: 
In: 180 168 163 111 60 5 38 41 133 100 7 31 126 61 45 184 125 
Out: 139 52 89 135 
99: 
In: 186 53 39 92 9 106 105 
Out: 101 81 57 175 25 184 162 55 35 153 58 
100: 
In: 124 
Out: 125 29 18 198 3 28 98 95 107 192 24 140 130 5 180 49 23 
101: 
In: 99 102 183 163 156 13 130 
Out: 131 165 155 149 18 19 50 24 
102: 
In: 144 182 146 5 119 41 152 2 
Out: 194 115 15 101 58 59 181 195 44 
103: 
In: 2 136 166 76 56 130 13 
Out: 139 145 160 50 34 115 155 167 64 164 37 95 87 
104: 
In: 111 110 185 105 96 91 
Out: 178 189 169 51 26 115 195 31 167 12 24 84 89 25 128 
105: 
In: 83 96 124 
Out: 97 63 162 184 176 20 41 73 195 80 66 82 99 155 45 104 38 137 131 15 130 140 
106: 
In: 9 
Out: 134 18 79 132 141 14 181 93 45 74 99 37 54 120 191 151 47 
107: 
In: 2 3 35 199 110 136 126 91 198 172 8 146 166 134 100 39 47 130 60 156 113 15 36 
Out: 155 150 
108: 
In: 8 182 
Out: 55 174 64 109 66 4 77 82 24 117 175 71 27 36 42 173 31 78 
109: 
In: 108 48 144 
Out: 192 39 85 157 76 78 34 179 176 16 184 198 59 72 131 155 26 36 29 50 118 1 194 88 15 46 
110: 
In: 124 163 
Out: 39 117 42 107 154 11 88 185 145 104 87 183 162 157 
111: 
In: 30 65 124 96 
Out: 181 20 57 55 54 98 25 24 104 171 46 159 179 175 42 191 37 15 76 131 
112: 
In: 178 186 27 33 160 123 147 142 162 31 92 16 119 129 120 28 21 
Out: 84 
113: 
In: 114 32 21 
Out: 56 25 154 73 34 47 59 129 20 97 27 147 46 192 107 120 37 125 
114: 
In: 
Out: 49 135 23 168 5 199 189 113 13 176 157 137 193 3 151 22 166 116 80 62 25 153 182 146 190 26 88 
115: 
In: 136 122 102 143 104 153 25 0 192 103 1 68 186 128 39 
Out: 19 7 17 95 31 
116: 
In: 133 114 32 53 
Out: 82 149 14 191 89 24 178 198 150 181 31 28 
117: 
In: 110 49 121 108 172 142 
Out: 131 51 143 67 175 15 120 14 164 191 39 74 
118: 
In: 49 172 109 
Out: 47 20 88 159 165 41 133 150 183 56 184 
119: 
In: 8 190 172 186 133 51 29 36 146 
Out: 17 188 42 64 70 95 89 102 16 4 112 20 
120: 
In: 28 124 29 49 56 83 33 178 117 106 121 27 113 0 
Out: 24 89 191 70 84 139 160 195 112 150 
121: 
In: 
Out: 141 42 182 95 85 39 138 117 29 77 82 13 184 191 128 162 120 195 21 
122: 
In: 197 29 
Out: 38 115 52 95 64 14 134 47 153 12 3 135 127 28 
123: 
In: 174 192 156 60 142 
Out: 24 55 169 20 41 14 112 23 86 34 73 191 62 184 
124: 
In: 
Out: 63 15 100 69 120 110 0 144 56 45 139 27 142 161 80 42 138 111 105 41 13 
125: 
In: 100 146 137 33 192 163 83 49 3 190 129 113 
Out: 134 57 35 93 85 17 46 22 186 31 98 
126: 
In: 134 61 136 30 47 172 186 87 77 
Out: 62 107 187 57 139 15 141 34 149 98 50 
127: 
In: 190 94 137 160 18 191 34 183 195 180 122 0 49 26 184 50 
Out: 64 78 
128: 
In: 178 186 192 121 133 38 153 67 104 
Out: 14 79 59 179 115 58 191 
129: 
In: 83 113 9 
Out: 138 145 94 50 81 3 180 164 62 152 11 139 28 112 125 189 
130: 
In: 33 96 91 100 21 105 32 
Out: 70 1 82 134 52 68 11 103 101 107 24 75 85 
131: 
In: 24 117 0 25 101 30 32 51 109 22 50 178 11 157 105 111 
Out: 181 78 164 135 
132: 
In: 106 167 196 3 29 47 5 179 
Out: 89 26 164 155 57 170 
133: 
In: 118 
Out: 59 195 79 62 95 183 116 135 189 50 58 98 86 64 160 35 90 119 16 128 14 81 188 
134: 
In: 125 106 91 168 146 172 130 122 5 136 
Out: 51 18 126 70 20 16 181 107 79 188 145 
135: 
In: 114 94 193 137 148 76 33 92 133 61 42 66 158 176 95 122 144 0 162 98 7 131 170 
Out: 82 
136: 
In: 182 
Out: 171 115 140 107 57 81 198 126 103 45 179 194 92 67 4 190 54 5 195 134 78 
137: 
In: 114 96 105 
Out: 198 135 125 127 177 194 36 183 26 155 151 160 143 169 161 50 
138: 
In: 121 129 0 124 80 
Out: 87 97 27 24 194 78 51 15 141 55 152 57 37 165 75 39 
139: 
In: 103 98 5 124 38 126 81 24 184 120 129 66 195 6 
Out: 84 46 
140: 
In: 173 136 10 193 90 142 71 180 28 22 174 153 80 100 8 39 187 105 
Out: 24 31 191 54 17 44 43 141 85 
141: 
In: 196 121 96 106 50 76 199 138 28 176 10 2 182 33 126 30 140 86 13 163 
Out: 66 82 62 52 195 85 
142: 
In: 124 
Out: 147 58 140 49 144 27 79 112 194 74 85 145 72 159 117 123 8 190 181 
143: 
In: 144 41 117 36 88 77 185 137 
Out: 34 189 181 85 115 193 145 43 175 79 159 81 17 
144: 
In: 124 166 142 
Out: 143 102 49 60 77 182 75 147 192 14 22 158 173 45 30 15 177 59 85 135 109 52 183 
145: 
In: 168 19 2 103 129 143 153 51 48 24 110 142 8 40 86 90 193 134 
Out: 89 57 
146: 
In: 114 
Out: 125 17 102 61 184 64 134 107 71 149 18 56 152 62 19 158 119 
147: 
In: 142 144 113 154 49 197 29 
Out: 25 47 149 64 112 62 188 28 95 
148: 
In: 97 94 77 83 76 0 
Out: 135 34 199 59 184 161 160 193 17 
149: 
In: 2 116 87 20 50 49 158 101 147 97 146 188 165 126 15 80 
Out: 46 89 44 69 155 11 
150: 
In: 39 88 87 95 63 24 116 190 177 118 38 107 179 120 
Out: 70 26 46 
151: 
In: 9 172 30 156 114 137 106 
Out: 184 95 28 76 70 181 199 165 158 20 189 44 37 
152: 
In: 172 0 138 129 146 97 
Out: 85 78 175 51 161 102 195 177 
153: 
In: 75 186 154 33 8 122 114 99 177 30 
Out: 55 115 145 72 6 26 140 128 23 50 
154: 
In: 113 110 33 
Out: 15 191 47 31 6 7 80 59 153 3 44 73 147 57 
155: 
In: 83 101 40 158 3 137 109 157 103 175 132 105 149 107 159 95 
Out: 11 16 164 82 
156: 
In: 182 83 
Out: 89 42 54 4 7 180 151 23 123 57 101 26 107 75 18 72 186 
157: 
In: 109 88 114 199 68 176 9 87 174 77 73 190 28 45 110 
Out: 7 16 17 24 155 131 170 18 
158: 
In: 192 10 185 33 151 144 80 146 
Out: 68 85 149 46 17 155 25 4 135 54 86 70 188 
159: 
In: 182 68 21 28 118 111 5 67 29 142 143 168 0 197 
Out: 167 160 90 42 184 54 155 46 85 72 
160: 
In: 2 159 19 58 103 133 40 120 148 137 
Out: 85 127 112 18 170 165 
161: 
In: 167 1 5 124 40 152 199 28 148 137 
Out: 79 89 55 34 31 165 198 
162: 
In: 29 105 172 0 195 54 10 187 99 15 31 58 6 62 121 170 192 110 181 20 73 30 
Out: 89 112 18 135 66 
163: 
In: 
Out: 82 190 189 98 192 125 32 27 110 101 20 177 96 15 141 
164: 
In: 49 198 45 175 44 71 132 129 103 155 131 117 51 79 171 72 8 
Out: 64 78 
165: 
In: 197 101 189 67 29 118 151 178 187 138 161 183 160 97 192 
Out: 149 7 170 
166: 
In: 114 
Out: 198 40 5 167 95 28 193 87 187 144 103 107 84 177 38 46 
167: 
In: 159 192 47 166 193 36 33 104 103 190 173 39 
Out: 132 161 26 17 93 11 170 
168: 
In: 114 9 56 33 8 83 
Out: 145 55 98 134 70 25 72 75 169 14 93 187 159 
169: 
In: 68 104 123 190 197 168 137 
Out: 69 88 72 26 171 87 
170: 
In: 81 56 76 36 160 10 157 165 132 167 
Out: 46 44 89 26 162 54 135 
171: 
In: 136 192 71 198 58 111 190 67 77 95 169 54 81 
Out: 164 
172: 
In: 
Out: 152 151 38 46 188 173 178 13 162 107 119 97 68 134 118 32 55 49 39 126 117 71 22 
173: 
In: 83 182 172 144 61 108 
Out: 73 64 54 140 179 2 3 35 7 167 24 
174: 
In: 196 108 30 
Out: 37 177 52 71 123 19 49 198 140 92 4 157 78 22 
175: 
In: 28 41 8 152 2 99 108 143 117 111 39 179 178 
Out: 164 155 26 4 42 
176: 
In: 182 105 114 109 192 8 76 83 61 96 71 91 
Out: 11 58 73 31 47 46 141 62 90 157 15 135 57 
177: 
In: 174 32 137 94 21 77 144 163 166 152 
Out: 78 15 42 23 69 79 180 50 150 153 90 
178: 
In: 76 104 116 47 172 
Out: 112 86 85 128 191 131 165 179 82 24 120 42 66 55 84 175 
179: 
In: 192 173 128 109 136 38 36 178 111 83 1 6 19 
Out: 46 175 132 150 
180: 
In: 56 9 32 177 61 156 83 129 0 75 100 
Out: 98 23 140 70 58 86 74 127 4 1 
181: 
In: 111 65 143 187 13 106 151 53 196 131 12 134 185 81 9 116 80 102 79 93 48 27 142 
Out: 18 43 162 17 
182: 
In: 121 144 114 
Out: 54 25 56 102 176 159 173 59 57 37 108 156 141 44 22 53 136 69 
183: 
In: 133 60 65 47 137 97 61 110 118 56 144 
Out: 79 101 188 127 165 22 
184: 
In: 60 151 190 3 27 105 109 146 99 121 148 159 50 77 68 36 123 118 
Out: 18 43 139 14 98 127 
185: 
In: 32 63 110 
Out: 1 158 181 71 93 104 143 4 54 
186: 
In: 192 125 29 156 
Out: 72 99 78 112 119 153 128 41 115 86 28 18 126 68 
187: 
In: 96 80 126 166 13 168 34 92 
Out: 181 162 72 165 82 140 
188: 
In: 119 15 190 172 23 76 40 183 39 68 6 147 29 134 158 133 
Out: 46 149 195 
189: 
In: 143 104 163 114 133 33 196 13 151 129 29 9 
Out: 82 165 23 90 12 
190: 
In: 163 8 136 114 80 142 
Out: 127 184 20 188 119 93 171 150 125 71 169 81 43 167 50 157 28 
191: 
In: 33 9 116 40 154 83 71 29 23 91 120 140 38 121 178 86 123 80 111 10 106 117 62 128 22 
Out: 89 78 127 18 84 46 
192: 
In: 109 197 163 49 144 100 113 
Out: 158 167 179 171 73 92 125 86 115 4 123 186 176 2 81 128 162 35 14 87 165 
193: 
In: 29 143 166 96 114 3 75 73 148 
Out: 57 135 140 167 70 78 17 58 194 89 145 
194: 
In: 102 138 137 136 142 33 88 71 87 193 109 3 31 75 
Out: 52 
195: 
In: 133 104 105 40 81 141 120 136 102 152 121 188 
Out: 7 162 55 127 139 
196: 
In: 
Out: 141 174 95 56 54 181 132 41 24 84 189 69 90 4 80 2 1 
197: 
In: 8 9 13 33 
Out: 7 54 192 165 122 169 5 147 159 
198: 
In: 137 199 166 68 1 136 100 39 87 109 116 77 174 53 161 25 
Out: 164 171 107 57 42 54 
199: 
In: 114 36 73 151 148 21 9 61 
Out: 198 107 6 141 157 55 161 90 18 


