75 vertices, 300 edges 
0: 
In: 52 62 8 40 60 43 
Out: 29 73 74 58 27 2 
1: 
In: 48 26 41 9 25 
Out: 17 51 29 
2: 
In: 47 52 0 36 
Out: 28 49 31 
3: 
In: 43 
Out: 25 41 16 64 
4: 
In: 42 47 20 36 43 35 51 58 49 57 71 
Out: 
5: 
In: 45 59 6 
Out: 65 21 69 57 
6: 
In: 8 60 19 42 
Out: 47 50 45 5 24 
7: 
In: 30 66 
Out: 63 29 
8: 
In: 33 22 
Out: 36 29 0 6 39 57 23 
9: 
In: 14 54 62 
Out: 45 71 51 65 1 11 
10: 
In: 52 31 
Out: 15 49 28 
11: 
In: 14 52 33 9 
Out: 73 74 35 
12: 
In: 14 25 
Out: 47 40 71 34 
13: 
In: 20 41 72 19 25 24 62 
Out: 57 
14: 
In: 43 25 
Out: 26 11 12 9 18 42 45 
15: 
In: 10 22 73 57 62 69 56 33 
Out: 58 
16: 
In: 33 62 22 3 40 
Out: 32 65 59 54 
17: 
In: 1 73 20 
Out: 49 
18: 
In: 41 14 66 
Out: 53 61 36 27 54 44 69 32 67 
19: 
In: 20 
Out: 59 35 6 13 38 
20: 
In: 
Out: 13 4 54 65 19 17 
21: 
In: 44 22 5 23 59 46 67 69 
Out: 56 63 
22: 
In: 
Out: 33 66 32 15 8 21 16 56 52 71 
23: 
In: 70 25 8 
Out: 51 65 39 21 61 24 32 
24: 
In: 67 40 65 23 6 
Out: 63 13 
25: 
In: 33 3 52 48 
Out: 59 14 57 12 23 13 1 
26: 
In: 14 33 66 68 36 
Out: 73 53 71 1 59 
27: 
In: 69 73 44 18 0 38 
Out: 49 28 
28: 
In: 2 45 33 10 27 54 
Out: 63 49 
29: 
In: 8 52 0 1 7 
Out: 56 74 59 
30: 
In: 68 
Out: 7 61 67 
31: 
In: 32 70 2 68 
Out: 10 
32: 
In: 16 22 72 60 18 36 23 
Out: 31 47 69 
33: 
In: 22 37 
Out: 26 8 54 69 16 25 63 35 28 11 15 
34: 
In: 46 67 50 71 64 47 12 
Out: 58 35 
35: 
In: 55 43 33 19 45 34 65 11 37 
Out: 4 63 
36: 
In: 8 18 72 42 55 
Out: 65 4 32 26 2 
37: 
In: 68 
Out: 67 71 70 44 33 35 
38: 
In: 47 19 
Out: 56 27 
39: 
In: 47 65 8 23 
Out: 58 56 67 49 63 
40: 
In: 12 
Out: 24 56 0 67 16 
41: 
In: 3 
Out: 13 18 1 61 
42: 
In: 14 62 
Out: 4 36 58 6 
43: 
In: 
Out: 14 3 65 35 4 0 
44: 
In: 70 18 52 37 
Out: 63 27 21 58 45 
45: 
In: 9 6 44 14 
Out: 5 28 35 63 
46: 
In: 70 
Out: 34 21 
47: 
In: 12 52 6 32 
Out: 38 4 39 2 34 
48: 
In: 
Out: 68 1 58 25 
49: 
In: 27 10 66 50 2 39 63 28 17 
Out: 4 
50: 
In: 6 72 
Out: 57 34 49 69 63 
51: 
In: 23 66 9 67 64 1 
Out: 4 
52: 
In: 22 
Out: 29 0 47 11 62 44 25 2 10 54 
53: 
In: 18 26 
Out: 57 
54: 
In: 33 18 20 16 52 
Out: 9 28 
55: 
In: 
Out: 74 35 36 
56: 
In: 29 40 21 39 38 22 64 59 72 
Out: 15 
57: 
In: 65 25 50 8 13 53 5 
Out: 15 63 4 
58: 
In: 39 67 63 34 0 44 48 42 15 
Out: 4 
59: 
In: 25 19 16 29 26 
Out: 5 65 63 56 21 74 71 
60: 
In: 
Out: 65 6 32 0 69 74 
61: 
In: 18 30 23 41 
Out: 69 
62: 
In: 52 
Out: 0 16 15 9 42 67 13 
63: 
In: 44 7 24 72 33 28 59 57 35 21 39 45 50 
Out: 58 49 
64: 
In: 74 3 
Out: 51 56 34 
65: 
In: 36 60 16 43 5 23 9 20 59 
Out: 57 39 69 24 35 
66: 
In: 22 
Out: 51 49 7 26 18 
67: 
In: 37 40 39 62 30 18 
Out: 58 24 51 34 21 
68: 
In: 48 
Out: 30 37 70 26 73 31 
69: 
In: 33 18 5 65 60 50 61 32 
Out: 27 15 74 21 
70: 
In: 37 68 
Out: 23 74 44 31 71 46 
71: 
In: 9 26 37 12 70 59 22 
Out: 34 4 
72: 
In: 
Out: 63 32 36 50 13 56 
73: 
In: 26 0 11 68 
Out: 27 15 17 
74: 
In: 55 29 0 70 69 11 59 60 
Out: 64 


